traj_idx,frame,x,y,z
300,2,81.1372522,87.0075133,0.0
300,3,84.2685602,86.9203681,0.0
302,3,13.3745633,122.7820423,0.0
302,4,13.1929853,122.2843109,0.0
302,5,13.1534219,122.2940637,0.0
302,6,13.2214485,122.2069279,0.0
302,7,13.224015,122.2221914,0.0
302,8,13.2844857,121.9160207,0.0
44,0,88.8713413,107.1050601,0.0
44,1,88.953836,106.0620061,0.0
44,2,89.0281431,104.1950963,0.0
44,3,89.457684,102.9172563,0.0
44,4,90.0034053,100.973896,0.0
44,5,90.3334698,99.2103852,0.0
44,6,90.205045,97.9203908,0.0
44,7,90.5073335,96.2051024,0.0
44,8,91.3526664,95.0758545,0.0
44,9,92.8494578,94.0209669,0.0
44,10,93.2422998,92.7610489,0.0
44,11,93.2931271,90.5590971,0.0
0,0,83.9481623,10.0254345,0.0
0,1,84.0022844,10.0434612,0.0
0,2,84.0264088,10.0646282,0.0
0,3,83.9806205,10.0246552,0.0
0,4,83.9805105,9.9608171,0.0
0,5,83.9160589,9.9580944,0.0
0,6,83.9909683,10.0693888,0.0
0,7,84.0109799,10.0309168,0.0
0,8,83.9141556,9.9889612,0.0
0,9,83.9658085,9.9701318,0.0
0,10,83.9691635,10.0549479,0.0
0,11,84.9536089,10.7820642,0.0
0,12,85.8654288,11.5929305,0.0
301,2,45.2189922,88.0509269,0.0
301,3,45.9894932,89.1900647,0.0
301,4,46.0230182,88.9883147,0.0
301,5,46.1443358,88.309823,0.0
301,6,46.7422144,88.2527817,0.0
301,7,46.8342226,88.2268356,0.0
301,8,46.796929,88.2474387,0.0
301,9,46.7917672,88.264008,0.0
301,10,47.1623096,88.1035449,0.0
301,11,47.9639555,88.1087698,0.0
301,12,47.9742888,88.1175684,0.0
301,13,47.8945324,88.0287448,0.0
301,14,48.8475192,86.9026557,0.0
301,15,48.8875364,85.112536,0.0
301,16,49.6182582,85.0474854,0.0
301,17,49.3417453,86.1241899,0.0
6,0,126.8631076,31.9831465,0.0
6,1,126.4118161,30.8629368,0.0
6,2,125.6473104,30.6315444,0.0
6,3,124.3981889,30.0253213,0.0
6,4,123.9007201,28.8352102,0.0
6,5,123.1812396,27.9433974,0.0
6,6,122.5546031,28.0416823,0.0
6,7,122.2186866,28.6385533,0.0
6,8,121.8509124,28.7843332,0.0
6,9,121.0431063,28.7331808,0.0
6,10,120.0739407,27.8856325,0.0
6,11,119.1610101,26.1861859,0.0
6,12,118.8107126,25.5084589,0.0
6,13,118.263657,25.0610739,0.0
6,14,117.830327,23.8363622,0.0
6,15,116.742351,22.6088346,0.0
6,16,116.5678932,20.0478529,0.0
6,17,116.0509786,19.0182115,0.0
6,18,114.7808466,17.1853446,0.0
7,0,96.9719826,34.8465672,0.0
7,1,96.3081908,33.7659499,0.0
7,2,95.4479323,32.7673757,0.0
7,3,94.4148366,30.7752842,0.0
7,4,93.7656056,28.9989987,0.0
7,5,92.0978218,27.0348576,0.0
7,6,91.7789095,26.1177505,0.0
7,7,91.199575,25.0211773,0.0
7,8,90.0379314,24.0478958,0.0
7,9,88.7379314,22.8978385,0.0
7,10,87.9198984,21.0720692,0.0
7,11,88.0979476,19.1794214,0.0
7,12,87.5312882,17.3563506,0.0
7,13,87.3190722,16.2796521,0.0
7,14,87.1899577,15.7087655,0.0
7,15,87.2644686,14.5427903,0.0
7,16,87.7976519,14.1544132,0.0
7,17,87.8411742,14.1259885,0.0
7,18,87.795622,14.1614561,0.0
19,0,27.1290717,116.4569831,0.0
19,1,25.8830362,114.9519121,0.0
19,2,24.2580215,114.2501779,0.0
19,3,24.1653845,114.166675,0.0
19,4,24.0874938,114.2069926,0.0
19,5,22.9425044,114.870188,0.0
19,6,23.0078442,116.442467,0.0
19,7,22.9760528,118.3291933,0.0
19,8,23.7344465,119.6989657,0.0
19,9,23.8504857,120.9064746,0.0
19,10,23.7735274,121.8952165,0.0
19,11,24.95373,122.2424848,0.0
19,12,24.5605039,123.7881663,0.0
19,13,24.79156,125.0684422,0.0
19,14,24.7359993,125.1412054,0.0
19,15,24.7435479,125.1827372,0.0
19,16,24.7245941,125.0989623,0.0
19,17,24.7467003,125.0944868,0.0
19,18,24.6595974,125.1481093,0.0
19,19,23.6631519,126.5693855,0.0
307,14,94.2426192,84.864282,0.0
307,15,94.1146344,82.1748901,0.0
307,16,94.2646535,79.8949271,0.0
307,17,95.3390822,77.3991789,0.0
307,18,95.9656364,75.0728987,0.0
307,19,95.9479189,75.0887652,0.0
303,6,90.9172169,85.8387731,0.0
303,7,91.5851268,86.9879801,0.0
303,8,91.8412725,86.9022329,0.0
303,9,91.356668,85.5798655,0.0
303,10,92.2250606,85.1952728,0.0
303,11,91.9604256,86.5561035,0.0
303,12,92.808406,87.7621804,0.0
303,13,93.4886722,86.6389639,0.0
303,14,94.7470061,85.5820851,0.0
303,15,97.0941318,87.0728896,0.0
303,16,99.2195278,87.298811,0.0
303,17,101.5652589,88.7696118,0.0
303,18,103.7491513,91.146122,0.0
303,19,106.6568741,94.7101441,0.0
303,20,108.7559793,97.0494202,0.0
303,21,110.0304454,97.9510452,0.0
303,22,111.2465504,98.0230646,0.0
303,23,113.2165355,100.1444907,0.0
303,24,113.0102821,101.1090309,0.0
303,25,113.300762,102.6406201,0.0
9,0,20.1348973,54.2858912,0.0
9,1,19.68405,53.2516999,0.0
9,2,19.3666104,52.7699983,0.0
9,3,19.1118009,51.9312769,0.0
9,4,18.7212652,50.8338963,0.0
9,5,18.262354,50.2066313,0.0
9,6,18.9297042,50.6788659,0.0
9,7,19.8200606,50.3860116,0.0
9,8,19.2553027,50.1696006,0.0
9,9,18.1679999,50.3812212,0.0
9,10,17.0267045,50.611243,0.0
9,11,16.1839405,50.3484926,0.0
9,12,14.7293565,50.5750842,0.0
9,13,13.7640954,49.981832,0.0
9,14,14.0275928,49.8912724,0.0
9,15,14.8987373,49.9489453,0.0
9,16,15.6510567,49.4473995,0.0
9,17,16.497236,49.4304329,0.0
9,18,17.0496185,48.6834435,0.0
9,19,18.053468,48.1272804,0.0
9,20,19.115233,46.2784434,0.0
9,21,20.025695,44.5728406,0.0
9,22,20.5778276,43.0138605,0.0
9,23,20.5248582,41.7492725,0.0
9,24,20.0744126,41.683135,0.0
9,25,20.8223239,41.1333163,0.0
9,26,22.0706163,41.5612758,0.0
305,11,12.069866,122.9877124,0.0
305,12,12.0573525,122.9544197,0.0
305,13,11.6760409,123.2787576,0.0
305,14,11.6683602,123.1524632,0.0
305,15,11.057809,122.7772967,0.0
305,16,11.0331004,122.7627904,0.0
305,17,11.3491843,123.4956659,0.0
305,18,11.3092164,123.5584869,0.0
305,19,11.4861696,123.4664683,0.0
305,20,11.361165,123.4329583,0.0
305,21,10.1936579,124.06543,0.0
305,22,9.4216319,124.6005146,0.0
305,23,8.1208498,125.3285159,0.0
305,24,6.5230841,125.7744577,0.0
305,25,4.161991,125.8473596,0.0
305,26,1.9289573,125.7998577,0.0
15,0,106.5230739,94.4086482,0.0
15,1,107.773274,94.8136063,0.0
15,2,108.7773185,95.1920666,0.0
15,3,110.7715036,95.0827161,0.0
15,4,112.9390627,95.798077,0.0
15,5,114.1587723,95.8914344,0.0
15,6,114.4900397,96.9475765,0.0
15,7,115.0092523,98.0605594,0.0
15,8,116.9099991,99.7321234,0.0
15,9,118.2855667,100.9093263,0.0
15,10,119.9182432,102.3183058,0.0
15,11,121.2665266,103.1870605,0.0
15,12,122.3342436,104.2424595,0.0
15,13,123.8343908,105.3593048,0.0
15,14,123.84109,105.5232584,0.0
15,15,123.8130386,105.4091492,0.0
15,16,123.8403014,105.4297309,0.0
15,17,123.84967,105.3269961,0.0
15,18,123.8240592,105.4207722,0.0
15,19,123.939469,108.1898369,0.0
15,20,122.9510024,110.6275349,0.0
15,21,121.7714768,112.0930444,0.0
15,22,121.6092664,113.8737764,0.0
15,23,121.379461,115.7183581,0.0
15,24,121.8327794,117.4332608,0.0
15,25,121.6530701,120.1960864,0.0
15,26,121.752264,122.0791468,0.0
15,27,121.9525326,123.9626592,0.0
15,28,122.0393629,125.8032429,0.0
15,29,122.0295059,126.8104367,0.0
304,10,1.3533413,5.4324825,0.0
304,11,3.1051551,5.5828762,0.0
304,12,4.9179704,5.6022348,0.0
304,13,4.9336919,5.6251241,0.0
304,14,4.9795636,5.6172693,0.0
304,15,4.8877944,5.612349,0.0
304,16,4.9549408,5.6982979,0.0
304,17,4.9982866,5.6472048,0.0
304,18,6.0457732,4.5281994,0.0
304,19,6.1279078,4.5523113,0.0
304,20,6.1321649,4.6105069,0.0
304,21,6.0817443,4.6206227,0.0
304,22,6.1488232,4.5718254,0.0
304,23,6.1804453,4.5457293,0.0
304,24,6.0674326,4.5759629,0.0
304,25,6.1234355,4.5319801,0.0
304,26,6.0915766,4.5010118,0.0
304,27,6.2011692,4.5220715,0.0
304,28,7.9150889,2.9418042,0.0
304,29,9.3618096,1.7842965,0.0
304,30,11.0369749,0.384473,0.0
22,0,47.144993,122.2696032,0.0
22,1,47.0687746,122.2149163,0.0
22,2,47.0335733,122.2695477,0.0
22,3,46.9813029,122.3905324,0.0
22,4,47.1222985,122.1788083,0.0
22,5,47.0052358,122.2746557,0.0
22,6,47.0504257,122.3969515,0.0
22,7,47.0260762,122.2958193,0.0
22,8,47.0734787,122.2325157,0.0
22,9,47.1779949,122.8992444,0.0
22,10,47.228017,122.9137323,0.0
22,11,47.418189,123.0110152,0.0
22,12,45.9694135,123.9020046,0.0
22,13,44.9098973,124.2985024,0.0
22,14,44.0825073,124.9796961,0.0
22,15,42.8269188,124.9823665,0.0
22,16,42.0547027,124.1314691,0.0
22,17,41.1691356,123.3277619,0.0
22,18,39.1902831,123.0841165,0.0
22,19,37.1014335,122.9190999,0.0
22,20,35.1534001,123.0788688,0.0
22,21,35.0368829,123.0576924,0.0
22,22,33.7465579,122.0332426,0.0
22,23,33.8084704,121.9610375,0.0
22,24,33.696729,121.9584762,0.0
22,25,33.7137031,121.9307366,0.0
22,26,33.2975358,121.895129,0.0
22,27,33.2716378,121.917599,0.0
22,28,33.2601555,121.8560305,0.0
22,29,33.2180566,121.8474965,0.0
22,30,33.2736156,121.8681949,0.0
22,31,33.90372,122.1177281,0.0
66,0,48.1882506,55.3038949,0.0
66,1,48.8238431,54.1951574,0.0
66,2,48.9660212,52.2801248,0.0
66,3,49.6503312,50.4730659,0.0
66,4,49.4505117,49.4587342,0.0
66,5,50.1004255,48.0601863,0.0
66,6,50.9326877,47.341369,0.0
66,7,51.9225282,46.1307772,0.0
66,8,52.1499538,44.9856755,0.0
66,9,51.8436011,44.2919511,0.0
66,10,51.681582,43.4226883,0.0
66,11,51.6689644,43.4430752,0.0
66,12,51.604257,43.451196,0.0
66,13,49.8854125,42.8913138,0.0
66,14,49.9839018,42.8474746,0.0
66,15,48.9692393,42.9371335,0.0
66,16,48.7321253,42.1738878,0.0
66,17,49.3672918,42.6424616,0.0
66,18,49.5869764,43.3710024,0.0
66,19,49.6063858,43.3323877,0.0
66,20,46.2280853,44.5734703,0.0
66,21,43.1759238,45.3282203,0.0
66,22,40.1363897,44.8694304,0.0
66,23,37.6787929,44.7658775,0.0
66,24,34.9908346,44.2146677,0.0
66,25,34.9186255,44.2799027,0.0
66,26,35.6651991,46.0479388,0.0
66,27,36.11737,47.0960326,0.0
66,28,35.9758751,48.3670159,0.0
66,29,37.8883285,49.5985418,0.0
66,30,39.3412448,51.1102655,0.0
66,31,39.7802875,52.3514632,0.0
66,32,41.3784121,52.5033531,0.0
66,33,41.6457543,53.8456807,0.0
66,34,43.2982687,55.3027018,0.0
66,35,45.1050123,55.5953411,0.0
66,36,47.0110458,56.5360084,0.0
12,0,38.3163035,66.6677452,0.0
12,1,41.1790308,67.021355,0.0
12,2,44.140231,67.1008016,0.0
12,3,46.8672524,66.7588169,0.0
12,4,49.4914711,65.9521387,0.0
12,5,51.6396023,65.9782669,0.0
12,6,53.9874508,65.1910201,0.0
12,7,56.5672116,64.74586,0.0
12,8,59.3073827,63.3630276,0.0
12,9,61.5083647,62.7249153,0.0
12,10,64.1661986,62.3108611,0.0
12,11,67.0775657,61.9106169,0.0
12,12,70.4489958,61.1739338,0.0
12,13,73.0443337,60.5701509,0.0
12,14,76.1358786,59.4747133,0.0
12,15,78.4398132,58.6230165,0.0
12,16,80.7801578,57.6331885,0.0
12,17,82.9264849,57.104524,0.0
12,18,85.2578312,56.93567,0.0
12,19,86.9705707,56.8285682,0.0
12,20,89.4572031,56.3288051,0.0
12,21,92.0343677,55.7317356,0.0
12,22,94.1897664,53.9312765,0.0
12,23,97.3163796,52.1315087,0.0
12,24,100.0191679,50.6725264,0.0
12,25,102.6022504,49.3916973,0.0
12,26,105.4025838,49.1225344,0.0
12,27,108.0371997,48.7633713,0.0
12,28,110.9235831,48.4338371,0.0
12,29,114.0214707,47.5728047,0.0
12,30,116.9961551,46.9129218,0.0
12,31,119.4358546,46.1172586,0.0
12,32,121.8868277,45.2684556,0.0
12,34,126.0508201,43.1530527,0.0
12,35,126.0194718,43.120966,0.0
12,36,126.0107034,43.1807576,0.0
12,37,125.9965456,43.1569925,0.0
11,0,121.0156426,57.2980902,0.0
11,1,121.0897378,56.1261633,0.0
11,2,121.0495666,54.6100162,0.0
11,3,121.1323437,54.724294,0.0
11,4,121.149673,54.5536034,0.0
11,5,121.2433664,54.6446974,0.0
11,6,120.9530017,57.0194227,0.0
11,7,120.5961507,60.0769745,0.0
11,8,120.0362772,63.5924941,0.0
11,9,120.6372377,66.2586546,0.0
11,10,119.8430212,68.8662224,0.0
11,11,118.9052937,71.717031,0.0
11,12,118.0543702,74.0096111,0.0
11,13,117.7851181,76.8576348,0.0
11,14,117.6823393,79.1963591,0.0
11,15,117.420614,81.1507513,0.0
11,16,117.0146869,83.4180685,0.0
11,17,116.3738599,85.4785928,0.0
11,18,115.7032532,88.0836499,0.0
11,19,115.0472833,90.7237607,0.0
11,20,114.0079456,93.1565123,0.0
11,21,112.5380261,95.1421369,0.0
11,23,109.6966208,99.4185763,0.0
11,24,108.5705919,101.207373,0.0
11,25,108.2834016,103.3009048,0.0
11,26,108.9916335,105.6057611,0.0
11,27,108.9568621,108.4504152,0.0
11,28,109.433861,110.9806748,0.0
11,29,109.0243307,112.7796667,0.0
11,30,108.8385441,115.0165757,0.0
11,31,108.1894142,116.6699223,0.0
11,32,108.1629865,117.4547106,0.0
11,33,108.8957804,118.9677468,0.0
11,34,108.1564204,120.4037318,0.0
11,35,107.6868507,122.401391,0.0
11,36,107.4233789,124.295443,0.0
11,37,106.9198568,125.6579388,0.0
11,38,105.9787217,126.6073802,0.0
2,0,99.3767701,12.2485025,0.0
2,2,98.9207931,10.0944062,0.0
2,4,99.6194302,7.8077026,0.0
2,5,99.9812965,6.6433568,0.0
2,6,100.0233069,5.578974,0.0
2,7,99.9796573,4.4636599,0.0
2,8,100.4609389,3.099438,0.0
2,9,100.8144748,1.451512,0.0
2,10,100.8716357,1.4834913,0.0
2,11,100.900761,1.6021012,0.0
2,12,101.809708,3.1057125,0.0
2,13,101.8617129,3.131906,0.0
2,14,101.9744212,3.1583378,0.0
2,15,101.8996501,3.0735352,0.0
2,16,101.8879301,3.072383,0.0
2,17,103.1413378,4.8832819,0.0
2,18,104.7098962,6.8368075,0.0
2,19,106.3473516,8.2716086,0.0
2,20,107.8410061,9.9274004,0.0
2,21,109.050274,11.3719882,0.0
2,22,110.3573532,12.9389881,0.0
2,23,111.8296059,14.1547583,0.0
2,24,113.1284278,15.9788091,0.0
2,26,114.9314675,17.70295,0.0
2,27,114.9851949,17.6295135,0.0
2,28,114.9392031,17.6834418,0.0
2,29,114.9299616,17.647878,0.0
2,30,113.3939324,18.5058677,0.0
2,31,115.0547663,17.3072522,0.0
2,32,115.0681914,17.3486968,0.0
2,33,115.1110638,17.3489619,0.0
2,34,116.5279827,17.7918893,0.0
2,35,119.3337011,17.9811656,0.0
2,36,121.8227436,18.248775,0.0
2,37,124.0819362,18.5344835,0.0
2,38,125.9458538,18.7556845,0.0
2,39,126.9566162,18.5404388,0.0
310,21,0.7379814,104.6641446,0.0
310,22,1.9410986,106.8923458,0.0
310,23,3.3931183,109.6182764,0.0
310,24,3.9549161,110.1403119,0.0
310,25,4.7644077,112.1138293,0.0
310,26,6.0733222,114.2624099,0.0
310,27,7.5368047,115.0724349,0.0
310,28,8.6448008,116.7277644,0.0
310,29,8.9784194,118.5460168,0.0
310,30,9.0739695,119.2104568,0.0
310,31,8.3352856,120.3139781,0.0
310,32,9.0367901,120.7274392,0.0
310,33,8.2498676,121.1475165,0.0
310,34,7.5934188,121.2295121,0.0
310,35,8.8710167,122.0644953,0.0
310,36,9.0582031,121.8206517,0.0
310,37,9.221447,120.923666,0.0
310,38,8.8787117,120.8226979,0.0
310,39,7.8786321,121.6444328,0.0
310,40,7.2614753,123.8910798,0.0
310,41,6.5369764,125.0332285,0.0
310,42,6.2780853,126.6853006,0.0
17,0,117.0534928,112.6378918,0.0
17,1,115.9437168,111.3930298,0.0
17,2,115.9357741,111.4118948,0.0
17,3,115.9340921,111.4473328,0.0
17,4,115.9276074,111.4490919,0.0
17,5,116.0317673,111.4617499,0.0
17,6,115.9382982,111.2623284,0.0
17,7,115.2917883,111.6540029,0.0
17,8,115.3616811,111.5935131,0.0
17,9,115.2703554,111.6399235,0.0
17,10,115.2839479,111.6001308,0.0
17,11,115.3366376,111.4361361,0.0
17,12,115.972407,110.0640061,0.0
17,13,116.0050491,110.0193786,0.0
17,14,115.9024374,109.0847084,0.0
17,15,115.1093272,109.2396271,0.0
17,16,115.1942566,108.6978667,0.0
17,17,115.2035642,106.8811989,0.0
17,18,114.994857,105.4341031,0.0
17,19,115.0545618,105.4054759,0.0
17,20,115.1022014,105.3879916,0.0
17,21,115.0283974,105.4914695,0.0
17,22,114.7283911,105.9554673,0.0
17,23,114.7947376,105.9893961,0.0
17,24,114.811487,105.9465897,0.0
17,25,114.7727912,105.9178106,0.0
17,26,113.7141876,105.933526,0.0
17,27,113.7510941,105.9555841,0.0
17,28,113.7749572,105.9962135,0.0
17,29,113.5813617,105.945893,0.0
17,30,113.7519583,106.2969635,0.0
17,31,114.6950846,105.9154018,0.0
17,32,114.6940826,105.9451749,0.0
17,33,114.7561992,105.9366839,0.0
17,34,114.8630366,105.9839159,0.0
17,35,114.7270228,106.0037829,0.0
17,36,114.8320429,105.9283951,0.0
17,37,116.6522755,103.7571419,0.0
17,38,118.2639502,101.6238293,0.0
17,39,120.4758226,99.9678449,0.0
17,40,122.5414871,98.5688504,0.0
17,41,123.720628,96.2397511,0.0
17,42,124.7258532,93.32316,0.0
17,43,125.4121901,91.0847629,0.0
17,44,126.7411174,89.1342667,0.0
320,36,30.6714486,119.8117652,0.0
320,37,29.9155184,119.8385365,0.0
320,38,31.2627625,120.74408,0.0
320,39,31.5219511,120.6357515,0.0
320,40,31.947842,121.6030824,0.0
320,41,32.7946983,122.1893101,0.0
320,42,33.1719044,123.248456,0.0
320,43,33.2664538,124.2587496,0.0
320,44,33.7137318,125.3776723,0.0
320,45,34.229414,126.407464,0.0
324,47,126.7592566,35.2490494,0.0
324,48,126.0763466,33.509522,0.0
324,49,124.9831798,32.2898106,0.0
308,16,84.3676294,15.0657017,0.0
308,17,83.9300547,14.1058354,0.0
308,18,83.3133222,14.055821,0.0
308,19,82.9422913,13.8180654,0.0
308,20,83.1578786,12.5932906,0.0
308,21,83.9901117,11.4555288,0.0
308,22,83.9437214,11.454012,0.0
308,23,83.9893005,11.5046092,0.0
308,24,84.1063947,11.4237496,0.0
308,25,84.0008843,11.4983879,0.0
308,26,83.9842458,11.4807802,0.0
308,27,84.0443708,11.4545278,0.0
308,28,83.9991173,11.5066493,0.0
308,29,84.0083003,11.4434882,0.0
308,30,83.9043662,11.4071115,0.0
308,31,84.0086437,11.457486,0.0
308,32,83.8836434,11.4342144,0.0
308,33,83.4999653,13.5378197,0.0
308,34,83.8658593,16.5271478,0.0
308,35,83.4841826,19.0555996,0.0
308,36,82.8416877,20.9714688,0.0
308,37,81.6319083,21.9300313,0.0
308,38,80.5099279,22.8085328,0.0
308,39,79.5865306,24.0789618,0.0
308,40,77.5595567,25.5985304,0.0
308,41,77.4734109,25.7336057,0.0
308,42,77.5072055,25.6741906,0.0
308,43,77.6125315,25.8098334,0.0
308,44,77.6021736,25.7424108,0.0
308,45,74.4107233,25.4458992,0.0
308,46,71.9755109,24.3148885,0.0
308,47,68.8490297,23.5782713,0.0
308,48,66.7842693,21.939788,0.0
308,49,65.7460246,21.0240442,0.0
308,50,64.7527863,20.6472198,0.0
308,51,63.6596529,19.9113848,0.0
308,52,63.3117354,18.0392338,0.0
308,53,63.187333,15.9358816,0.0
308,54,61.9694983,14.9432735,0.0
317,31,111.3420813,105.2025968,0.0
317,32,110.1923425,101.7808414,0.0
317,33,108.0141281,99.1860051,0.0
317,34,106.5539363,96.1303307,0.0
317,35,106.0715138,93.8623509,0.0
317,36,104.9857269,91.1706394,0.0
317,37,103.944068,89.0031251,0.0
317,38,103.9758961,88.9959531,0.0
317,39,103.9921936,88.9827179,0.0
317,40,103.9365512,88.9029224,0.0
317,41,103.9909946,88.9636406,0.0
317,42,104.0306428,88.9017721,0.0
317,43,103.8822069,89.0105704,0.0
317,44,103.880939,88.9550429,0.0
317,45,103.943225,89.0113133,0.0
317,46,103.8887531,88.9944987,0.0
317,47,103.8730046,88.9768428,0.0
317,48,107.3765259,87.0289454,0.0
317,49,110.8791413,85.0817369,0.0
317,50,113.5182779,85.5004676,0.0
317,51,115.8600131,86.3710763,0.0
317,52,119.3599875,87.2106505,0.0
317,53,122.0398411,89.0299078,0.0
317,54,124.485248,88.3984105,0.0
317,55,124.5589901,88.5417128,0.0
317,56,124.5059899,88.4122354,0.0
317,57,124.5739025,88.3568853,0.0
317,58,126.7249065,89.6427245,0.0
317,59,127.0,90.6806977,0.0
321,39,52.4478971,57.0496088,0.0
321,40,55.6576601,57.6792703,0.0
321,41,57.9829433,58.927175,0.0
321,42,61.0263754,60.0031021,0.0
321,43,63.9876978,60.0787745,0.0
321,44,66.2743552,60.0043338,0.0
321,45,68.3110078,60.7156571,0.0
321,46,70.1109279,60.8540013,0.0
321,47,70.1568881,61.7837079,0.0
321,48,72.1463135,62.908356,0.0
321,49,74.0156694,65.8954796,0.0
321,50,74.6672979,66.8052805,0.0
321,51,75.9674943,66.1060067,0.0
321,52,75.8740964,65.2064132,0.0
321,53,74.3452454,65.4437207,0.0
321,54,74.5915704,65.7013412,0.0
321,56,78.1446237,64.027038,0.0
321,57,81.9037197,64.0982415,0.0
321,58,85.5079389,64.8785557,0.0
321,59,90.1004556,66.4262792,0.0
321,60,90.0784022,66.5508389,0.0
321,61,90.0624811,66.5755628,0.0
314,26,126.8069,71.5577497,0.0
314,27,126.0663394,70.6159583,0.0
314,28,124.7227966,70.456692,0.0
314,29,122.9120901,70.0643101,0.0
314,30,120.9155163,70.3485965,0.0
314,31,119.366933,69.5063242,0.0
314,32,117.8567107,68.215552,0.0
314,33,116.4359704,67.9660406,0.0
314,34,114.8944945,67.2754491,0.0
314,35,113.3836585,67.2250906,0.0
314,36,112.296455,67.0433398,0.0
314,37,110.9581008,66.731647,0.0
314,38,109.9295845,65.8464514,0.0
314,39,109.0017331,65.3372239,0.0
314,40,107.8357967,65.7994471,0.0
314,41,106.4208648,66.0193374,0.0
314,42,105.3038452,66.7927671,0.0
314,43,104.3218537,67.6741645,0.0
314,44,103.1900388,68.80963,0.0
314,45,102.5406669,70.7087816,0.0
314,46,102.2032878,72.1475754,0.0
314,47,100.491779,73.1614166,0.0
314,48,98.3998478,73.0085485,0.0
314,49,96.1572243,72.9711098,0.0
314,50,93.9178736,71.9717536,0.0
314,51,91.995954,72.3260366,0.0
314,52,89.9328005,72.8956527,0.0
314,53,89.8623572,72.8662044,0.0
314,54,89.8261753,72.7512549,0.0
314,55,89.9186065,72.7666377,0.0
314,56,89.794973,72.7852401,0.0
314,57,89.7933666,72.8097998,0.0
314,58,89.9313832,72.8660237,0.0
314,59,89.8122829,72.8289305,0.0
314,60,89.8894567,72.867809,0.0
314,61,89.8537862,72.7924322,0.0
314,62,89.213031,70.3929201,0.0
314,63,88.8188616,70.8043494,0.0
314,64,88.9088366,70.9121506,0.0
314,65,88.9244848,70.8352506,0.0
323,45,59.0225785,1.5024524,0.0
323,46,60.0131047,1.9951602,0.0
323,47,59.5012726,3.4165006,0.0
323,48,58.6603453,5.5458284,0.0
323,49,58.7146654,6.7341976,0.0
323,50,58.2947245,7.2791323,0.0
323,51,58.9519163,8.3204578,0.0
323,52,59.6182499,9.7291507,0.0
323,53,58.4637089,10.1266479,0.0
323,54,58.173638,12.1462095,0.0
323,55,59.4542205,14.1442908,0.0
323,56,59.7597978,14.0426739,0.0
323,57,60.3484172,14.4988149,0.0
323,58,61.5425861,16.4517037,0.0
323,59,61.6084177,16.6734854,0.0
323,60,61.7042438,16.5495047,0.0
323,61,61.5492615,16.493101,0.0
323,62,62.2908747,16.0818749,0.0
323,63,63.0727756,15.6137623,0.0
323,64,64.5895953,15.085634,0.0
323,65,64.5627906,15.0759872,0.0
323,66,64.5503857,15.0770158,0.0
327,54,4.6554863,1.8756385,0.0
327,55,4.0627924,4.78166,0.0
327,56,3.7380127,7.9669085,0.0
327,57,3.3307812,9.9329425,0.0
327,58,2.6049948,11.4212961,0.0
327,59,1.8342462,12.677304,0.0
327,60,0.9621658,14.532073,0.0
327,61,0.4513729,15.9297801,0.0
327,62,0.3048698,15.8565982,0.0
327,63,0.3712738,15.8694394,0.0
327,64,0.3383544,15.8757461,0.0
327,65,0.3285585,15.9403126,0.0
327,66,0.393964,15.9749923,0.0
327,67,1.9646297,14.964689,0.0
327,68,3.8965138,14.1548555,0.0
327,69,5.7303993,12.9591299,0.0
337,70,117.6004837,12.7072665,0.0
1,0,101.5592062,9.8489671,0.0
1,1,101.9616674,10.6525441,0.0
1,2,103.4282573,10.0756313,0.0
1,3,104.8863503,11.12811,0.0
1,4,104.8621694,12.4681589,0.0
1,6,106.0185252,11.661112,0.0
1,7,107.7404552,12.3914191,0.0
1,8,107.7088606,12.343889,0.0
1,9,107.0168103,13.0278085,0.0
1,10,107.8127271,13.0167157,0.0
1,11,107.7992246,12.9571937,0.0
1,12,107.7534755,12.9246144,0.0
1,13,107.8077852,12.9173363,0.0
1,14,108.0276779,14.5981556,0.0
1,15,108.6117511,16.4226075,0.0
1,16,109.0984701,17.0149788,0.0
1,17,110.9896344,17.8286171,0.0
1,18,114.0171548,17.2080298,0.0
1,19,115.3166314,17.4815668,0.0
1,20,115.3647451,17.5250015,0.0
1,21,115.297954,17.537164,0.0
1,22,115.3010935,17.5479143,0.0
1,23,115.3530913,17.5179925,0.0
1,24,116.0047751,17.5713051,0.0
1,25,114.6242723,17.3985625,0.0
1,26,114.9314675,17.70295,0.0
1,27,114.9851949,17.6295135,0.0
1,28,114.9392031,17.6834418,0.0
1,29,114.9299616,17.647878,0.0
1,30,114.8194627,17.5350215,0.0
1,31,114.9082799,18.7022603,0.0
1,32,117.2266857,21.4639255,0.0
1,33,119.6684311,22.1601104,0.0
1,34,121.9452308,22.6339312,0.0
1,35,122.4606371,23.1740599,0.0
1,36,121.6015969,25.9407217,0.0
1,37,122.1295119,26.892273,0.0
1,38,121.9188755,27.5658316,0.0
1,39,123.8134433,27.3055433,0.0
1,40,123.8381884,28.2548923,0.0
1,41,124.0158926,29.2809053,0.0
1,42,123.3864945,30.2282832,0.0
1,43,123.5374386,29.6913838,0.0
1,44,124.0143361,28.642525,0.0
1,45,123.6854369,29.0465521,0.0
1,46,123.2511505,30.0668756,0.0
1,47,123.3676786,31.0234423,0.0
1,48,122.9531446,32.0239222,0.0
1,49,122.2195197,30.9615679,0.0
1,50,123.5285752,30.9857689,0.0
1,51,122.9403074,30.0977494,0.0
1,52,120.7010343,31.8615104,0.0
1,53,119.3659363,31.9099827,0.0
1,54,118.8465172,30.365619,0.0
1,55,118.1956825,29.1364816,0.0
1,56,117.9492109,29.0598653,0.0
1,57,117.9479024,28.6537367,0.0
1,58,118.2889828,27.4833244,0.0
1,59,117.1644527,27.0013526,0.0
1,60,117.1038262,27.0168602,0.0
1,61,117.182363,27.032559,0.0
1,62,117.1501825,27.0216264,0.0
1,63,117.1716943,27.0553853,0.0
1,64,117.1155834,27.038098,0.0
1,65,117.1855275,27.1494608,0.0
1,66,117.0987352,26.9826955,0.0
1,67,117.23547,27.0633171,0.0
1,68,117.1754311,27.0298968,0.0
1,69,117.2319575,27.0197578,0.0
1,70,117.0781222,27.0759302,0.0
1,71,117.2007756,28.4724159,0.0
1,72,116.0576699,30.7201913,0.0
330,58,58.3336921,14.0023647,0.0
330,59,56.7563488,14.0257989,0.0
330,60,55.5145538,14.9663828,0.0
330,61,55.4743641,15.0121988,0.0
330,62,55.4466475,15.0092514,0.0
330,63,56.7535324,14.4022019,0.0
330,64,58.5097835,14.4814308,0.0
330,65,60.3711783,13.4331336,0.0
330,66,62.1461254,12.3399865,0.0
330,67,64.2904373,11.274261,0.0
330,68,64.9678147,8.0210174,0.0
330,69,65.977195,6.4528079,0.0
330,70,65.3791576,5.2085812,0.0
330,71,65.3709378,4.0309579,0.0
330,72,66.1392362,1.8127381,0.0
330,73,65.4944832,0.2464342,0.0
326,52,121.4480924,27.1091841,0.0
326,53,120.0959088,25.8513137,0.0
326,54,119.480201,25.0057168,0.0
326,55,118.0232512,23.4572593,0.0
326,56,116.736131,21.838874,0.0
326,57,115.2254779,19.8319821,0.0
326,58,114.2384313,17.9677556,0.0
326,59,114.3209891,18.0246892,0.0
326,60,114.2528046,17.8584003,0.0
326,61,113.0135752,17.6662956,0.0
326,62,111.2908427,17.1882911,0.0
326,63,108.5077342,17.0540527,0.0
326,64,108.208279,14.5521158,0.0
326,65,106.9805416,13.4395123,0.0
326,66,105.2865115,12.1837186,0.0
326,67,104.7054712,11.3154463,0.0
326,68,104.0935088,10.1318361,0.0
326,69,103.679986,9.6505464,0.0
326,70,102.8171294,8.0679423,0.0
326,71,101.9129728,6.9954453,0.0
326,72,100.7411627,5.7199862,0.0
326,73,100.615412,3.6770639,0.0
326,74,100.6278581,1.8343892,0.0
313,25,80.195091,0.3290757,0.0
313,26,79.7067783,1.1349675,0.0
313,27,79.6556566,2.3194285,0.0
313,28,79.012752,4.0608963,0.0
313,29,78.8954799,5.8953341,0.0
313,30,78.8493488,7.6607051,0.0
313,31,78.603276,9.299307,0.0
313,32,78.7107629,10.6500737,0.0
313,33,78.8379794,12.1141868,0.0
313,34,78.7529519,13.0069579,0.0
313,35,78.0000318,14.0573961,0.0
313,36,77.2569375,15.4185615,0.0
313,37,76.912894,17.1097825,0.0
313,38,77.0546762,18.7904182,0.0
313,39,76.8483511,19.9728259,0.0
313,40,76.2502681,21.2007794,0.0
313,41,76.4086271,21.1818529,0.0
313,42,76.4177705,21.1851613,0.0
313,43,76.343931,21.188524,0.0
313,44,78.6191122,21.2178219,0.0
313,45,78.5998032,21.279772,0.0
313,46,78.580609,21.1270158,0.0
313,47,78.5405341,21.3562228,0.0
313,48,78.4962807,21.2666643,0.0
313,49,78.5357095,21.2785279,0.0
313,50,79.4791116,21.0407901,0.0
313,51,81.4847577,21.7810512,0.0
313,52,83.7709665,21.985882,0.0
313,53,85.7884112,22.1430555,0.0
313,54,87.190613,23.0680984,0.0
313,55,88.9709479,23.8058405,0.0
313,56,90.4475489,24.1855745,0.0
313,57,91.8365145,24.4403664,0.0
313,58,93.0725144,25.0213655,0.0
313,59,94.3486128,25.1620288,0.0
313,60,95.2339021,25.827789,0.0
313,61,96.6577896,26.1010052,0.0
313,62,97.8007064,26.7697314,0.0
313,63,99.268424,27.3372155,0.0
313,64,100.2079777,27.9439394,0.0
313,65,101.7564617,28.345614,0.0
313,66,102.7286718,28.7948042,0.0
313,67,104.1797086,29.5775315,0.0
313,68,106.0021946,30.0639604,0.0
313,69,107.6351024,30.3644579,0.0
313,70,109.218685,30.716046,0.0
313,71,110.604788,31.1557528,0.0
313,72,111.8744264,31.6091055,0.0
313,73,113.7630556,32.2796198,0.0
313,74,113.7961173,33.6609157,0.0
313,75,112.4005293,34.8257597,0.0
313,76,112.4225932,38.0288048,0.0
316,28,58.8903017,2.0139099,0.0
316,29,60.3009791,4.0034559,0.0
316,30,61.5525527,5.8691327,0.0
316,31,62.6563934,7.905841,0.0
316,32,63.2026258,9.1604446,0.0
316,33,63.5572267,10.4292035,0.0
316,34,64.3150765,11.7524437,0.0
316,35,64.5620938,13.7402484,0.0
316,36,65.6189301,15.5834428,0.0
316,37,66.804335,17.0862375,0.0
316,38,66.7294375,17.0268457,0.0
316,39,66.7839065,16.9209309,0.0
316,40,66.7515678,16.9686911,0.0
316,41,66.6877325,17.0253143,0.0
316,42,66.7959156,16.9748714,0.0
316,43,66.2461437,17.4113012,0.0
316,44,65.3385474,17.8012027,0.0
316,45,65.0387639,17.2865026,0.0
316,46,65.1130747,16.9621438,0.0
316,47,65.0680701,17.0201018,0.0
316,48,65.2984577,16.4703542,0.0
316,49,65.915455,16.9880763,0.0
316,50,66.363867,16.9033756,0.0
316,51,67.4346505,15.5413138,0.0
316,52,68.3637979,15.374514,0.0
316,53,68.0284032,15.6048102,0.0
316,54,67.9894308,16.214988,0.0
316,55,68.1012755,16.2800994,0.0
316,56,68.0637329,16.0756098,0.0
316,57,68.0612329,16.2067692,0.0
316,58,68.0678243,16.2676736,0.0
316,59,68.0492077,16.2156182,0.0
316,60,67.9673873,16.2510429,0.0
316,61,68.0415264,16.1878313,0.0
316,62,68.065128,16.2437111,0.0
316,63,68.1096609,16.2669412,0.0
316,64,68.0036567,16.1670362,0.0
316,65,68.0183472,16.2434682,0.0
316,66,68.0827693,16.2666273,0.0
316,67,67.2196748,15.5017986,0.0
316,68,67.233066,15.4244302,0.0
316,69,66.2198713,14.9138319,0.0
316,70,66.6735386,16.0976495,0.0
316,71,66.7361058,16.2364316,0.0
316,72,66.7905043,16.1383586,0.0
316,73,66.8154047,16.4172299,0.0
316,74,66.3532187,14.9871657,0.0
316,75,66.245764,14.9343514,0.0
316,76,66.7485824,16.2259849,0.0
316,77,66.2537965,15.1034052,0.0
319,32,24.0398851,41.3354608,0.0
319,33,24.0005354,43.042537,0.0
319,34,23.3586154,45.0768167,0.0
319,35,22.3761702,48.1050353,0.0
319,36,22.4080056,48.2174049,0.0
319,37,23.2118793,47.9012064,0.0
319,38,23.1253205,47.8820169,0.0
319,39,23.0973778,48.5407423,0.0
319,40,23.0868427,48.596632,0.0
319,41,23.0640343,48.5949318,0.0
319,42,23.09554,48.5631533,0.0
319,43,23.7606864,49.124695,0.0
319,44,23.8493578,49.0813276,0.0
319,45,23.8198421,49.0444323,0.0
319,46,23.8056891,48.9772417,0.0
319,47,23.8393725,48.9985235,0.0
319,48,23.7499438,49.031563,0.0
319,49,22.8238996,47.0847325,0.0
319,50,21.6052681,44.9806452,0.0
319,51,21.0393582,42.0926322,0.0
319,52,20.6390672,40.6709887,0.0
319,53,20.5944982,39.2788129,0.0
319,54,21.141923,38.4110308,0.0
319,55,20.5508574,36.5536081,0.0
319,56,20.4230763,34.9927948,0.0
319,57,19.9944326,34.0128425,0.0
319,58,19.273798,32.2505982,0.0
319,59,18.3738662,30.3620136,0.0
319,60,16.7537523,28.0649986,0.0
319,61,16.6458298,28.0995295,0.0
319,62,16.6903183,28.0540348,0.0
319,63,16.6910005,28.0568245,0.0
319,64,16.7279386,28.1137099,0.0
319,65,16.577039,28.9730312,0.0
319,66,16.5480408,29.0219059,0.0
319,67,16.4994584,29.0572761,0.0
319,68,16.1196143,28.5372896,0.0
319,69,15.4465361,27.9612565,0.0
319,70,14.9408299,28.1324159,0.0
319,71,13.8220533,27.7984972,0.0
319,72,12.771911,25.9698236,0.0
319,73,11.5135422,24.3764489,0.0
319,74,10.4831737,23.6718022,0.0
319,75,9.7888772,22.186726,0.0
319,76,9.0944994,20.6848777,0.0
319,77,8.56741,19.4215717,0.0
319,78,7.9768516,17.9654091,0.0
322,44,115.006328,126.5882946,0.0
322,45,114.1753654,125.9382446,0.0
322,46,113.2300654,124.9235619,0.0
322,47,111.4356697,122.96934,0.0
322,48,110.0830626,121.0355196,0.0
322,49,107.6857785,119.785163,0.0
322,50,105.1426354,118.6894942,0.0
322,51,103.810822,117.6244349,0.0
322,52,102.3596529,116.2413402,0.0
322,53,101.5027772,114.968687,0.0
322,54,100.434423,113.6323313,0.0
322,55,99.4144111,112.2551347,0.0
322,56,97.8036778,112.4815083,0.0
322,57,96.0733591,111.5481484,0.0
322,58,95.0291208,111.046203,0.0
322,59,94.2707548,110.4017805,0.0
322,60,92.5881105,109.1881405,0.0
322,61,91.2533871,108.7533042,0.0
322,62,90.0042824,107.2335471,0.0
322,63,89.1359457,105.4804624,0.0
322,64,87.847819,104.7455732,0.0
322,65,86.0375539,103.0035455,0.0
322,66,85.2276188,101.0195333,0.0
322,67,84.6362104,99.8444461,0.0
322,68,84.0891878,98.2563166,0.0
322,69,84.0827128,98.2798899,0.0
322,70,84.0445276,98.2702889,0.0
322,71,84.0940444,98.198462,0.0
322,72,84.1103007,98.2355744,0.0
322,74,84.1833819,98.2617729,0.0
322,75,84.1337348,98.3017734,0.0
322,76,84.1787125,98.2389328,0.0
322,77,84.2088393,98.2985554,0.0
322,78,84.1192186,98.2436254,0.0
322,79,84.1176698,99.9821583,0.0
23,0,83.9696802,122.4883494,0.0
23,1,85.0974858,122.7302187,0.0
23,2,85.9617559,121.7223065,0.0
23,3,87.2660895,121.0501938,0.0
23,4,88.7638782,120.9667372,0.0
23,5,89.6744124,119.2488328,0.0
23,6,90.0666809,117.5948177,0.0
23,7,90.3016065,116.1324957,0.0
23,8,90.708598,114.5657142,0.0
23,9,91.5517368,113.2943031,0.0
23,10,91.7794284,113.2458452,0.0
23,11,91.5901467,113.21633,0.0
23,12,91.7165839,113.2629174,0.0
23,13,91.6352532,113.2553657,0.0
23,14,91.858453,113.3715075,0.0
23,15,91.6238825,113.308656,0.0
23,16,92.969696,113.9106211,0.0
23,17,93.2624765,115.0401831,0.0
23,18,93.2275608,115.1591623,0.0
23,19,93.3337159,115.1024759,0.0
23,20,93.2368825,115.0393725,0.0
23,21,93.3193687,115.0761281,0.0
23,22,93.2343486,115.0769709,0.0
23,23,93.2469926,115.0841947,0.0
23,24,93.2131639,115.0929569,0.0
23,25,93.3269037,115.0676629,0.0
23,26,93.2998829,115.1462963,0.0
23,27,93.3883797,115.123487,0.0
23,28,93.2005482,115.0605963,0.0
23,29,93.2909012,115.0929264,0.0
23,30,93.4525024,113.7247412,0.0
23,31,93.9890029,113.5731505,0.0
23,32,94.7578422,112.7777889,0.0
23,33,95.8422265,112.0981105,0.0
23,34,97.0535565,111.5603859,0.0
23,35,97.3392771,111.2225047,0.0
23,36,98.3902245,111.6804064,0.0
23,37,99.0132024,112.0619528,0.0
23,38,100.9818427,111.8089479,0.0
23,39,102.1740158,109.9242628,0.0
23,40,103.5066582,107.9725972,0.0
23,41,104.0807535,106.7748232,0.0
23,42,104.1801679,106.7919224,0.0
23,43,104.1290079,106.8125284,0.0
23,44,104.1471614,106.8414878,0.0
23,45,104.1834784,106.8550204,0.0
23,46,104.1412591,106.8988166,0.0
23,47,104.1248978,106.8533397,0.0
23,48,104.1118261,106.8822162,0.0
23,49,104.0790911,106.837663,0.0
23,50,104.1916447,106.8454494,0.0
23,51,104.2153823,106.862221,0.0
23,52,103.1147163,107.3326299,0.0
23,53,101.9956797,107.6971639,0.0
23,54,100.3651366,110.064126,0.0
23,56,99.3425553,112.8741358,0.0
23,57,99.307512,114.3198166,0.0
23,58,99.1089541,114.2410748,0.0
23,59,99.1639761,114.2895126,0.0
23,60,99.1711461,114.0490008,0.0
23,61,99.1275258,114.2098509,0.0
23,62,99.1793884,114.2587036,0.0
23,63,99.244591,114.186844,0.0
23,64,99.1914496,114.1725401,0.0
23,65,99.1817861,114.2497249,0.0
23,66,99.1465473,114.3530018,0.0
23,67,99.0889985,114.2728526,0.0
23,68,99.0469472,114.2617781,0.0
23,69,99.2452844,114.2708547,0.0
23,70,100.5048741,115.687355,0.0
23,71,100.5561691,115.6563801,0.0
23,72,100.4324794,115.6206185,0.0
23,73,98.7821888,117.083796,0.0
23,74,97.5575548,118.6942935,0.0
23,75,96.880043,120.8836225,0.0
23,76,96.0306841,123.1475463,0.0
23,77,96.5442292,125.3110318,0.0
23,78,96.5470105,125.7114706,0.0
23,79,96.3938728,126.8595306,0.0
333,67,126.3160981,8.7249432,0.0
333,68,122.8296295,9.5490625,0.0
333,69,119.136478,10.3054778,0.0
333,70,117.6952405,12.8910557,0.0
333,71,118.7366519,14.3324952,0.0
333,72,120.1315395,15.1521233,0.0
333,73,120.7874425,15.1690403,0.0
333,74,121.0935943,16.174481,0.0
333,75,122.6208038,17.1202632,0.0
333,76,123.1695715,19.0279679,0.0
333,77,124.3508794,21.1888255,0.0
333,78,126.051843,22.1703134,0.0
333,79,126.6673727,23.0420227,0.0
333,80,126.8626737,23.0347937,0.0
339,75,116.3228532,33.8699915,0.0
339,76,117.775048,34.0824857,0.0
339,77,119.3655578,35.0338267,0.0
339,78,120.9588661,35.7479905,0.0
339,79,123.0521226,36.4689236,0.0
339,80,125.0884776,37.3331114,0.0
339,81,126.8316663,37.1458792,0.0
8,0,35.5566949,40.6207989,0.0
8,1,33.7351382,39.2279386,0.0
8,2,31.9205112,37.8550808,0.0
8,3,29.9612652,36.2422145,0.0
8,4,28.0321245,34.998441,0.0
8,5,26.0150542,33.4598131,0.0
8,6,24.1511029,32.192986,0.0
8,7,22.4338694,31.008257,0.0
8,8,20.65788,29.6097023,0.0
8,9,18.7137505,28.4452651,0.0
8,10,18.5835805,28.4360546,0.0
8,11,18.7451215,28.3862184,0.0
8,12,18.724561,28.4694193,0.0
8,13,18.6926904,28.34285,0.0
8,14,18.6884753,28.4557796,0.0
8,15,18.7278168,28.3482752,0.0
8,16,18.7676443,28.4814292,0.0
8,17,18.7710082,28.3898686,0.0
8,18,18.7522347,28.3612977,0.0
8,19,19.4511115,29.7352638,0.0
8,20,20.3312396,30.9674704,0.0
8,21,21.1244067,32.1521429,0.0
8,22,22.0446442,33.5474346,0.0
8,23,22.7886521,35.1589695,0.0
8,24,23.3264154,36.9186002,0.0
8,25,24.0644811,38.521552,0.0
8,26,24.9360824,40.0670102,0.0
8,27,24.3650041,40.5959601,0.0
8,28,25.6440671,38.9659425,0.0
8,29,25.7073995,38.9691904,0.0
8,30,25.6167788,39.0331331,0.0
8,31,25.5756129,38.9822466,0.0
8,32,26.8073823,38.146598,0.0
8,33,27.6296191,37.0482619,0.0
8,34,28.6360956,35.7360561,0.0
8,35,29.6189402,34.397073,0.0
8,36,30.7048951,33.094873,0.0
8,37,31.5863391,32.0379782,0.0
8,38,32.5542146,30.579288,0.0
8,39,33.4249787,29.1372269,0.0
8,40,34.2709829,27.9687794,0.0
8,41,35.1088364,26.4168201,0.0
8,42,36.0621151,24.9612811,0.0
8,43,36.1237133,25.0048196,0.0
8,44,36.208594,25.0459388,0.0
8,45,38.670439,25.0179396,0.0
8,46,41.1277191,24.8647554,0.0
8,47,43.5300393,24.9236782,0.0
8,48,46.0029346,24.9023739,0.0
8,49,48.3116895,24.9158264,0.0
8,50,50.5997726,24.8692365,0.0
8,51,52.9326303,24.8839385,0.0
8,52,55.1668045,24.7058819,0.0
8,53,55.3122231,24.7374776,0.0
8,54,55.24282,24.7727319,0.0
8,55,55.2332172,24.8610668,0.0
8,56,55.9653932,24.9463846,0.0
8,57,56.1117322,24.8654375,0.0
8,58,55.9843863,24.9549675,0.0
8,59,56.0197173,24.9097618,0.0
8,60,56.0670088,24.8434328,0.0
8,61,56.873354,23.3850282,0.0
8,62,57.4658551,21.8899102,0.0
8,63,58.2013558,20.2045424,0.0
8,64,59.0207705,18.8381256,0.0
8,65,59.7762638,17.1067126,0.0
8,66,59.7872141,17.1092297,0.0
8,67,59.4940214,18.8643176,0.0
8,68,59.2856175,20.403019,0.0
8,69,59.2468839,22.0311544,0.0
8,70,59.0905004,23.8477044,0.0
8,71,59.1129201,23.8046448,0.0
8,72,58.7216886,21.9793238,0.0
8,73,58.0595183,19.9639368,0.0
8,74,57.525908,18.2812587,0.0
8,75,57.0163911,16.5183946,0.0
8,76,56.2406205,14.6034591,0.0
8,77,55.8360354,12.6958463,0.0
8,78,55.2969928,10.8253076,0.0
8,79,55.0092613,8.9168765,0.0
8,80,54.6901592,7.0046678,0.0
8,81,54.2600323,5.1838556,0.0
8,82,53.840248,3.2844649,0.0
8,83,53.2887937,1.6405977,0.0
312,23,51.1999167,88.8773842,0.0
312,24,51.5010864,89.4509623,0.0
312,25,52.6271078,90.4701356,0.0
312,26,52.6621783,90.7382848,0.0
312,27,52.7587091,90.9732347,0.0
312,28,53.1369396,91.0312136,0.0
312,29,52.2837432,90.9915976,0.0
312,30,52.4551163,90.8462593,0.0
312,31,52.9084422,91.1073657,0.0
312,32,54.0035079,90.9680969,0.0
312,33,54.7332619,90.974665,0.0
312,34,54.8131276,91.8488935,0.0
312,35,54.9757253,92.4932711,0.0
312,36,54.0878586,93.3285501,0.0
312,37,54.1854055,93.2841389,0.0
312,38,54.800127,93.0392564,0.0
312,39,54.2289931,93.0861021,0.0
312,40,54.6015482,93.6640829,0.0
312,41,54.8456101,94.5256172,0.0
312,42,55.3185235,95.620084,0.0
312,43,56.0628003,95.7764183,0.0
312,44,56.4921896,96.9927261,0.0
312,45,57.0066769,97.7771242,0.0
312,46,56.9264936,99.3427729,0.0
312,47,56.0739022,100.9160399,0.0
312,48,55.7453383,101.7145373,0.0
312,49,54.01697,102.0077698,0.0
312,50,52.4098146,101.7786371,0.0
312,51,51.2886158,100.9948022,0.0
312,52,49.9100942,100.9297208,0.0
312,53,49.000495,99.9921017,0.0
312,54,49.1383084,100.8032327,0.0
312,55,49.995166,101.1103551,0.0
312,56,49.4530851,101.8485194,0.0
312,57,49.2733653,102.7100551,0.0
312,58,49.0167012,103.9584846,0.0
312,59,49.5086129,103.9779584,0.0
312,60,50.1530951,103.5440094,0.0
312,61,51.0131887,104.3351602,0.0
312,62,51.6039767,103.794511,0.0
312,63,53.9368191,104.4975673,0.0
312,64,55.643278,105.3326953,0.0
312,65,57.9226718,106.6396574,0.0
312,66,58.5143517,107.5019885,0.0
312,67,59.3130362,109.0542398,0.0
312,68,60.6232651,109.62463,0.0
312,69,61.9565235,109.281137,0.0
312,70,63.324078,109.8008908,0.0
312,71,64.1020373,109.8767915,0.0
312,72,64.4962108,110.6671019,0.0
312,73,65.2957108,109.9246552,0.0
312,74,65.9963659,109.9340031,0.0
312,75,65.9669942,111.0401124,0.0
312,76,65.9196685,112.8211035,0.0
312,77,65.9152163,114.7211241,0.0
312,78,65.7832825,115.8151834,0.0
312,79,65.9635135,116.2911956,0.0
312,80,66.4330858,117.2490896,0.0
312,81,67.6761925,118.3067489,0.0
312,82,68.1885239,119.8423671,0.0
312,83,69.8884723,121.4251665,0.0
312,84,69.8928508,122.45382,0.0
338,72,7.02731,13.0619846,0.0
338,73,6.9587102,13.1314721,0.0
338,74,6.7719462,13.1298364,0.0
338,75,7.875097,11.88352,0.0
338,76,7.9050519,11.9913571,0.0
338,77,7.9334318,11.8414287,0.0
338,78,7.9123335,11.6970428,0.0
338,79,7.6418369,12.5288777,0.0
338,80,7.7380078,12.3598354,0.0
338,81,7.0569791,13.3327506,0.0
338,82,7.210018,12.2603977,0.0
338,83,5.7926054,12.1650065,0.0
338,84,3.469231,13.9959148,0.0
338,85,0.9013094,13.6567724,0.0
344,87,69.0421731,125.2653834,0.0
344,88,68.2926247,126.4136008,0.0
344,89,69.144611,127.0,0.0
5,0,120.5399635,24.3355462,0.0
5,1,120.72892,26.3248576,0.0
5,2,120.8566748,28.0384173,0.0
5,3,121.3349313,29.9554217,0.0
5,4,121.6604695,31.8100047,0.0
5,5,121.7720904,33.0195735,0.0
5,6,121.8341276,33.113578,0.0
5,7,121.7212508,33.0756472,0.0
5,8,121.7525834,33.1316216,0.0
5,9,123.1109752,36.3392129,0.0
5,10,124.4317097,39.6258619,0.0
5,11,125.9467556,41.4642449,0.0
5,12,126.7552723,43.4964032,0.0
5,13,126.6847402,43.5663657,0.0
5,14,126.837637,43.5895436,0.0
5,15,126.7992448,43.6439883,0.0
5,16,126.2190566,44.3382379,0.0
5,17,125.2857206,44.8016535,0.0
5,18,125.4382128,44.857153,0.0
5,19,125.3729958,44.8151098,0.0
5,20,125.4245804,44.8717218,0.0
5,21,125.1466335,44.8235049,0.0
5,22,125.2773726,44.8782519,0.0
5,23,125.3139477,44.85912,0.0
5,24,125.9681764,43.4576259,0.0
5,25,125.9341372,43.4729149,0.0
5,26,125.9974802,43.4473589,0.0
5,27,125.923432,43.4807315,0.0
5,28,125.9306623,43.3656055,0.0
5,29,125.9643254,43.4645568,0.0
5,30,125.9755165,43.3575132,0.0
5,31,126.0388665,43.4378754,0.0
5,32,126.0196673,43.4669633,0.0
5,33,124.8340032,43.5627364,0.0
5,34,126.0508201,43.1530527,0.0
5,35,126.0194718,43.120966,0.0
5,36,126.0107034,43.1807576,0.0
5,37,125.9965456,43.1569925,0.0
5,38,125.4060655,43.3628049,0.0
5,39,125.4239782,43.2986674,0.0
5,40,125.4885874,43.3112121,0.0
5,41,124.5692706,43.7288172,0.0
5,42,125.1488156,43.6628381,0.0
5,43,125.0972201,43.820409,0.0
5,44,125.0491833,43.6775097,0.0
5,45,125.0848117,43.7995247,0.0
5,46,125.001994,43.6804972,0.0
5,47,125.112505,43.7951867,0.0
5,48,125.0271878,43.7856744,0.0
5,49,124.0572642,44.1886318,0.0
5,50,123.2112417,44.9644479,0.0
5,51,122.3387362,45.2263163,0.0
5,52,121.2071672,45.9252282,0.0
5,53,120.314702,45.949552,0.0
5,54,119.7457195,45.8100954,0.0
5,55,119.1426261,45.4687302,0.0
5,56,118.7721086,45.0882034,0.0
5,57,118.5248274,44.6604889,0.0
5,58,118.4575406,44.7302659,0.0
5,59,118.3707965,44.7516052,0.0
5,60,118.4380414,44.6238068,0.0
5,61,118.5508687,44.7570063,0.0
5,62,118.4662251,44.6602632,0.0
5,63,118.4602167,44.6855784,0.0
5,64,118.4410746,44.647501,0.0
5,65,118.5550371,44.6621581,0.0
5,66,118.4176574,44.7032986,0.0
5,67,118.4363904,44.6077696,0.0
5,68,118.4471628,44.7471678,0.0
5,69,118.4735499,44.654637,0.0
5,70,118.3931342,44.6892945,0.0
5,71,120.0900723,44.9114992,0.0
5,72,121.4125546,45.0293239,0.0
5,73,123.0982786,44.8240144,0.0
5,74,124.4282982,44.378651,0.0
5,75,124.4973895,44.4675417,0.0
5,76,124.4345886,44.4586943,0.0
5,77,124.6147463,44.4794494,0.0
5,78,125.0338106,43.2210129,0.0
5,79,125.071184,43.1648682,0.0
5,80,125.1517976,43.2788347,0.0
5,81,125.0356191,43.2700165,0.0
5,82,125.0759825,43.2590558,0.0
5,83,125.052734,43.2478852,0.0
5,84,125.0842444,43.1896656,0.0
5,85,125.1073205,43.279844,0.0
5,86,125.0046321,43.2466521,0.0
5,87,124.9521846,43.2308588,0.0
5,88,125.0752213,43.24736,0.0
5,89,125.1007902,43.2462132,0.0
5,90,126.1006503,42.8252009,0.0
5,91,126.7433675,42.0194978,0.0
43,0,39.1634102,52.1604822,0.0
43,1,38.3020661,53.7217217,0.0
43,2,36.8316758,55.1542968,0.0
43,3,37.0230668,56.7221945,0.0
43,4,36.0854145,58.7657233,0.0
43,5,36.8880601,59.0213966,0.0
43,6,36.0669387,59.7968715,0.0
43,7,36.4944179,61.4851605,0.0
43,8,37.1225791,62.7688452,0.0
43,9,37.9736576,63.9804874,0.0
43,10,39.2038751,64.2078265,0.0
43,11,40.8019629,65.2877963,0.0
43,12,42.1342575,65.190539,0.0
43,13,41.2486952,65.9399562,0.0
43,14,40.8760891,66.1381527,0.0
43,15,39.7103133,65.2543161,0.0
43,16,38.9056597,64.6942835,0.0
43,17,38.663129,63.0904826,0.0
43,18,38.7793087,63.3480326,0.0
43,19,39.213977,63.7952286,0.0
43,20,40.7828104,63.9872024,0.0
43,21,40.9577399,64.137325,0.0
43,22,42.6236187,62.8046205,0.0
43,23,44.6166704,63.1827912,0.0
43,24,45.4344797,62.7330209,0.0
43,25,46.0253167,60.9780402,0.0
43,26,46.2461981,60.2788644,0.0
43,27,46.5376248,59.7560058,0.0
43,28,47.0171184,60.0125683,0.0
43,29,46.4574464,60.7707246,0.0
43,30,46.5285763,60.8019243,0.0
43,31,46.5097723,60.7720216,0.0
43,32,46.5101355,60.8417471,0.0
43,33,46.6100363,60.8607812,0.0
43,34,46.4447295,60.8580452,0.0
43,35,46.4926835,60.7705082,0.0
43,36,48.1449043,59.4313652,0.0
43,37,49.0310581,57.3982314,0.0
43,38,50.3437627,57.1359598,0.0
43,39,50.4595225,57.0177195,0.0
43,40,50.9630398,57.762102,0.0
43,41,52.9407621,57.3918113,0.0
43,42,54.3535375,57.421548,0.0
43,43,55.4651956,57.542111,0.0
43,44,56.5250795,57.7269482,0.0
43,45,57.3089471,57.66569,0.0
43,46,58.1733163,56.1338059,0.0
43,47,60.0020908,55.218446,0.0
43,48,61.9976911,55.1683908,0.0
43,49,61.9614682,55.2371021,0.0
43,50,62.6724929,56.6492938,0.0
43,51,62.6563075,56.8213321,0.0
43,52,62.6497759,56.6589162,0.0
43,53,62.734053,56.8120969,0.0
43,54,62.758124,56.6845601,0.0
43,55,62.6658707,56.681526,0.0
43,56,62.7004943,56.6310211,0.0
43,57,62.5782101,55.0446466,0.0
43,58,62.5119781,55.027948,0.0
43,59,62.5489353,55.0209618,0.0
43,60,62.5857982,54.9926267,0.0
43,61,63.5177477,56.9781865,0.0
43,62,63.7747905,59.4312926,0.0
43,63,63.8408663,61.6373515,0.0
43,64,63.6051562,63.8197159,0.0
43,65,63.4060773,66.1874472,0.0
43,66,63.1363329,66.4572635,0.0
43,67,63.1430805,66.4670614,0.0
43,68,63.0994861,66.3807077,0.0
43,69,63.1507521,66.3595122,0.0
43,70,63.0916358,66.4928824,0.0
43,71,63.1071775,66.4449713,0.0
43,72,64.0156666,65.9627453,0.0
43,73,64.0375462,65.9839385,0.0
43,74,64.0642229,65.9133976,0.0
43,75,64.0296843,65.9945107,0.0
43,76,64.0891001,65.9471727,0.0
43,77,64.0226946,65.9535194,0.0
43,78,64.1232321,65.9791514,0.0
43,79,64.0712526,65.9430815,0.0
43,80,64.8874309,66.9578146,0.0
43,81,66.075907,67.3834907,0.0
43,82,66.0792829,68.8320438,0.0
43,83,66.4467601,68.64646,0.0
43,84,66.3059968,68.9432183,0.0
43,85,65.998695,70.8034809,0.0
43,86,65.5647488,71.3911299,0.0
43,87,65.1956156,72.8784353,0.0
43,88,64.6534671,73.6528895,0.0
43,89,64.8342355,74.3733696,0.0
43,90,63.8445536,76.0511126,0.0
43,91,63.0774419,76.1083193,0.0
43,92,61.2471724,75.6718811,0.0
309,16,109.7576412,0.6797204,0.0
309,17,107.5445279,1.0375525,0.0
309,18,105.232976,1.8451852,0.0
309,19,102.9697274,2.2227695,0.0
309,20,102.9195496,2.1341381,0.0
309,21,102.8776081,2.1777861,0.0
309,22,102.9376978,2.2348031,0.0
309,23,102.9292406,2.1871442,0.0
309,24,102.9312214,2.0668019,0.0
309,25,103.016395,2.2140764,0.0
309,26,102.9180599,2.2631125,0.0
309,27,102.9341925,2.2888926,0.0
309,28,102.9997284,2.222868,0.0
309,29,102.8696258,2.1632577,0.0
309,30,102.9795115,2.1849297,0.0
309,31,102.9721539,2.1260622,0.0
309,32,99.8625146,2.997979,0.0
309,33,96.6875437,3.5308818,0.0
309,34,93.3239548,4.3558089,0.0
309,35,90.0488925,4.6738782,0.0
309,36,86.9001006,4.9277022,0.0
309,37,83.067194,5.1669433,0.0
309,38,79.3322943,5.4053661,0.0
309,39,76.0650146,5.7927863,0.0
309,40,76.0509476,5.7723592,0.0
309,41,76.1164607,5.8105086,0.0
309,42,76.0982046,5.8661158,0.0
309,43,76.0934166,5.8360977,0.0
309,44,76.0996379,5.8456871,0.0
309,45,76.1052772,5.7212516,0.0
309,46,76.0398779,5.7815686,0.0
309,47,76.1541797,5.7732219,0.0
309,48,76.1611323,5.7488463,0.0
309,49,76.133638,5.7323826,0.0
309,50,76.0801866,5.8241602,0.0
309,51,76.0657877,5.7102477,0.0
309,52,76.1131409,5.7050344,0.0
309,53,76.8365581,7.3031945,0.0
309,54,76.8174962,7.2134834,0.0
309,55,76.8033009,7.2642498,0.0
309,56,76.846601,7.2649177,0.0
309,57,76.8284362,7.2646446,0.0
309,58,76.846462,7.2170849,0.0
309,59,76.7098352,7.2068327,0.0
309,60,76.8368897,7.252549,0.0
309,61,76.7851475,7.2943302,0.0
309,62,76.9012711,7.2140371,0.0
309,63,76.756877,7.3315246,0.0
309,64,74.0304093,7.6641456,0.0
309,65,70.9522753,7.3969798,0.0
309,66,67.7475717,7.1302139,0.0
309,67,64.764229,7.5784345,0.0
309,68,62.0026594,8.2095904,0.0
309,69,59.203096,8.7991452,0.0
309,70,56.1561237,8.8539693,0.0
309,71,56.0885258,8.8540245,0.0
309,72,56.0705015,8.9886596,0.0
309,73,56.0908934,8.8765248,0.0
309,74,54.3826648,8.5717953,0.0
309,75,52.9349875,9.0326471,0.0
309,76,51.2233555,8.9993761,0.0
309,77,51.1780159,8.9802507,0.0
309,78,51.1516885,8.9602305,0.0
309,79,51.1445874,8.7581911,0.0
309,80,51.0722902,8.5952145,0.0
309,81,51.0668518,8.6567823,0.0
309,82,51.1843845,8.7585276,0.0
309,83,51.1274755,8.6681752,0.0
309,84,51.1396344,8.6365607,0.0
309,85,51.0336564,8.6533488,0.0
309,86,51.1789553,8.673119,0.0
309,87,51.0730959,8.6833807,0.0
309,88,51.068057,8.7489254,0.0
309,89,50.8593727,6.7230149,0.0
309,90,50.2315542,5.309597,0.0
309,91,49.9295851,3.7305182,0.0
309,92,49.9264253,3.8519807,0.0
309,93,51.0027591,1.3138746,0.0
56,0,70.6057632,19.1418427,0.0
56,1,72.515912,17.9817619,0.0
56,2,74.3618492,17.0582371,0.0
56,3,76.4408427,16.0635641,0.0
56,4,78.6697282,14.9579906,0.0
56,5,81.9268299,14.8022961,0.0
56,6,83.8371447,14.8825006,0.0
56,7,85.5870915,14.7312154,0.0
56,8,87.5249409,14.4174309,0.0
56,9,87.3848818,14.4297582,0.0
56,10,87.4930953,14.3304672,0.0
56,11,87.3811137,14.4034871,0.0
56,12,87.2539979,14.2284381,0.0
56,13,87.0587447,13.8157041,0.0
56,14,87.2295914,14.9891866,0.0
56,15,87.2644686,14.5427903,0.0
56,16,87.7976519,14.1544132,0.0
56,17,87.8411742,14.1259885,0.0
56,18,87.795622,14.1614561,0.0
56,19,87.8289388,14.2292784,0.0
56,20,87.8652732,14.1576517,0.0
56,21,87.8476025,14.1601311,0.0
56,22,87.858479,14.1920264,0.0
56,23,87.8763967,14.1570568,0.0
56,24,87.2378788,13.4974068,0.0
56,25,87.2142067,13.6098762,0.0
56,26,87.245752,13.5246753,0.0
56,27,87.690823,13.16219,0.0
56,28,87.0086611,12.6691334,0.0
56,29,86.9027277,12.7111915,0.0
56,30,87.0116817,12.7065132,0.0
56,31,87.0147854,12.673581,0.0
56,32,86.9190051,12.6247315,0.0
56,33,86.9942902,12.6803042,0.0
56,34,86.939626,12.7055386,0.0
56,35,86.9798954,12.7858603,0.0
56,36,86.9542197,12.6573963,0.0
56,37,86.968493,12.7696135,0.0
56,38,86.9161223,12.7937684,0.0
56,39,86.9180658,12.6815404,0.0
56,40,87.0029222,12.7217896,0.0
56,41,86.9262619,12.7288544,0.0
56,42,86.9476828,12.6903929,0.0
56,43,86.9765645,12.7278487,0.0
56,44,86.9827076,12.7967156,0.0
56,45,86.9804206,12.663292,0.0
56,46,87.0753,12.6854958,0.0
56,47,84.865923,14.5505596,0.0
56,48,82.8708038,16.3292043,0.0
56,49,80.7891126,18.4842259,0.0
56,51,77.199065,22.7354915,0.0
56,52,74.9291306,24.4584351,0.0
56,53,72.5216944,26.3405833,0.0
56,54,70.2209293,28.4767293,0.0
56,55,67.923799,30.4145419,0.0
56,56,65.3378802,32.1293003,0.0
56,57,62.8916162,34.1328411,0.0
56,58,60.0097847,36.9242604,0.0
56,59,57.7866846,39.5512956,0.0
56,60,55.1734786,42.104849,0.0
56,61,53.3069211,44.2464545,0.0
56,62,51.6835884,46.0408618,0.0
56,63,49.8601325,48.203134,0.0
56,64,47.2874987,50.6789334,0.0
56,65,45.0867251,52.9247615,0.0
56,66,42.9503326,55.1688664,0.0
56,67,41.5266123,57.0206573,0.0
56,68,39.5713348,59.015217,0.0
56,69,37.0049034,60.8913429,0.0
56,70,34.4259051,62.6328815,0.0
56,71,31.924774,64.6635031,0.0
56,72,29.4168641,66.7690548,0.0
56,73,27.2004424,68.766193,0.0
56,74,25.0313672,70.8146762,0.0
56,75,22.9976415,72.9006684,0.0
56,76,21.0555062,75.3816071,0.0
56,77,19.5614902,77.7861964,0.0
56,78,17.9826118,79.9309665,0.0
56,79,16.3685353,81.8608949,0.0
56,80,14.3552772,84.1595206,0.0
56,81,12.3333752,86.245199,0.0
56,82,10.1789119,88.7534404,0.0
56,83,8.1758621,90.7739631,0.0
56,84,6.5981895,92.6773119,0.0
56,85,4.6319829,94.3210248,0.0
56,86,2.79587,95.6860536,0.0
56,87,2.7943127,95.7686047,0.0
56,88,2.8959881,95.7635456,0.0
56,89,2.7760791,95.6986681,0.0
56,90,2.8978611,95.7444346,0.0
56,91,2.7976192,95.6913819,0.0
56,92,2.8559798,95.6059124,0.0
56,93,2.7197311,95.828821,0.0
56,94,0.8002381,96.9635806,0.0
328,56,0.3699437,86.2382433,0.0
328,57,4.0728877,86.2160513,0.0
328,58,7.218753,85.7748705,0.0
328,59,10.0091696,84.9322195,0.0
328,60,13.0579884,83.9355504,0.0
328,61,16.039438,82.9892098,0.0
328,62,18.5852299,81.7280475,0.0
328,63,20.4526029,80.1086906,0.0
328,64,22.2590639,78.6907819,0.0
328,65,22.3016991,78.602892,0.0
328,66,23.7641827,78.6133558,0.0
328,67,25.2708842,78.1783491,0.0
328,68,27.2291656,78.4201186,0.0
328,69,29.2733939,78.4909912,0.0
328,70,30.3530023,78.1373128,0.0
328,71,32.0201489,77.959773,0.0
328,72,33.3128984,78.499172,0.0
328,73,34.4938273,78.9719561,0.0
328,74,35.3397119,78.8532954,0.0
328,75,36.4136191,78.8773826,0.0
328,76,37.0768969,78.5625065,0.0
328,77,38.0204646,78.0645611,0.0
328,78,38.063574,78.0460451,0.0
328,79,38.0532918,78.0578822,0.0
328,80,38.0331403,78.0595679,0.0
328,81,36.3456238,79.4576328,0.0
328,82,35.0658574,81.1698862,0.0
328,83,33.9680808,82.8617067,0.0
328,84,32.6452013,84.5372003,0.0
328,85,30.837339,86.681222,0.0
328,86,29.1847456,88.2812367,0.0
328,87,27.8370225,89.3570718,0.0
328,88,27.8788318,89.4222259,0.0
328,89,27.947825,89.3438384,0.0
328,90,29.8844938,89.2023104,0.0
328,91,30.9080846,88.7317032,0.0
328,92,31.8429847,87.8968586,0.0
328,93,33.1221042,87.4083317,0.0
328,94,34.5276137,87.2242637,0.0
328,95,36.0217909,87.3670767,0.0
328,96,37.4786943,87.8307799,0.0
328,97,38.7204984,87.9394757,0.0
328,98,40.0601559,88.5238465,0.0
328,99,41.9903997,88.910881,0.0
328,100,43.4526355,88.9757682,0.0
328,101,44.0282466,89.0317586,0.0
328,102,44.8393558,88.9127852,0.0
328,103,47.3557966,89.688355,0.0
343,85,87.666093,105.6766872,0.0
343,86,88.2610654,106.4484105,0.0
343,87,88.350862,107.0840254,0.0
343,88,89.4145876,107.7986053,0.0
343,89,90.3454307,108.8962164,0.0
343,90,91.7036727,109.8546613,0.0
343,91,93.2762048,111.844284,0.0
343,92,94.6534534,113.0260909,0.0
343,93,96.5064117,114.6372755,0.0
343,94,97.6100843,116.1746842,0.0
343,95,98.4249194,117.1115701,0.0
343,96,98.9368185,118.0177603,0.0
343,97,99.4962802,118.5587122,0.0
343,98,100.1756452,119.2546292,0.0
343,99,101.2337975,120.3573612,0.0
343,100,102.1735999,121.6394568,0.0
343,101,102.826692,122.9404292,0.0
343,102,103.8596384,124.3794421,0.0
343,103,105.0200211,125.4791024,0.0
343,104,106.9312849,126.7537214,0.0
341,79,111.101932,35.9712568,0.0
341,80,111.3125903,34.7964883,0.0
341,81,110.8615297,33.0989157,0.0
341,82,109.8062081,32.7536079,0.0
341,83,109.0413556,31.2300158,0.0
341,84,108.4384973,29.1753136,0.0
341,85,108.0655145,27.4312007,0.0
341,86,107.5004862,26.3873993,0.0
341,87,108.0675754,25.3480932,0.0
341,88,107.803319,23.8267479,0.0
341,89,107.0785884,23.0468416,0.0
341,90,106.7425146,22.2967018,0.0
341,91,106.1558564,21.1325735,0.0
341,92,106.406313,19.532467,0.0
341,93,105.9281944,18.1237889,0.0
341,94,105.9137853,18.1515694,0.0
341,95,105.1178263,16.4289046,0.0
341,96,103.9811388,15.2208947,0.0
341,97,103.101235,15.0333286,0.0
341,98,101.3324029,13.6037044,0.0
341,99,99.5527104,12.8298024,0.0
341,100,98.9749505,12.0593354,0.0
341,101,98.0498876,10.6827475,0.0
341,102,98.0566818,10.730153,0.0
341,103,99.1743948,13.409981,0.0
341,104,100.9919161,15.8964585,0.0
341,105,101.0994132,17.9552697,0.0
341,106,101.3377769,20.6569758,0.0
341,107,102.9677609,23.656182,0.0
341,108,104.6957911,26.0709525,0.0
341,109,105.9770937,27.7790837,0.0
315,28,89.5847093,12.0460335,0.0
315,29,91.2924456,10.3926629,0.0
315,30,94.7558676,9.1286516,0.0
315,31,98.4861834,7.824767,0.0
315,32,102.6519907,6.7148543,0.0
315,33,105.8764498,5.8944357,0.0
315,34,108.6847481,4.9478262,0.0
315,35,111.0859819,3.8732823,0.0
315,36,113.9136208,3.6870216,0.0
315,37,115.9257246,3.3312956,0.0
315,38,117.065236,3.5025096,0.0
315,39,116.9998598,3.5654851,0.0
315,40,116.471689,2.2168394,0.0
315,41,115.8222402,1.9466586,0.0
315,42,115.9381091,1.9005864,0.0
315,43,115.753171,1.8553036,0.0
315,44,115.8294423,1.9368196,0.0
315,45,115.9379327,2.0217237,0.0
315,46,115.8086125,1.8939513,0.0
315,47,115.0699742,1.4602736,0.0
315,48,115.1220748,1.3645919,0.0
315,49,114.9213376,1.4251166,0.0
315,50,115.1231765,1.3279132,0.0
315,51,115.1686497,1.4484721,0.0
315,52,113.4610022,4.3548487,0.0
315,53,111.5611516,7.3514742,0.0
315,54,109.9513819,11.1867261,0.0
315,55,109.4481247,14.2404417,0.0
315,56,107.8139476,18.2480562,0.0
315,57,107.7706198,18.1361594,0.0
315,58,107.8299735,18.2773235,0.0
315,59,107.7382492,18.275062,0.0
315,60,107.753129,18.2287967,0.0
315,61,107.8138457,18.2538214,0.0
315,62,107.7341532,18.0807304,0.0
315,63,108.060494,17.9616194,0.0
315,64,107.9298618,18.1570924,0.0
315,65,107.7968193,18.2069858,0.0
315,66,107.8165539,18.2978592,0.0
315,67,108.3119536,17.408256,0.0
315,68,107.5307064,18.4335975,0.0
315,69,107.6082769,18.5774054,0.0
315,70,107.3838576,17.6051651,0.0
315,71,107.334262,16.9236349,0.0
315,72,108.6224717,17.2718682,0.0
315,73,109.0993355,17.9188192,0.0
315,74,109.0632404,18.8302552,0.0
315,75,108.7076693,19.3518424,0.0
315,76,108.1722588,20.003544,0.0
315,77,107.0841068,20.940698,0.0
315,78,107.152442,21.6388526,0.0
315,79,107.4186601,21.3628995,0.0
315,80,106.3064472,21.2400038,0.0
315,81,106.0666748,21.5995084,0.0
315,82,105.3945088,21.0543791,0.0
315,83,104.810714,19.2692359,0.0
315,84,104.7288272,18.048004,0.0
315,85,104.0962887,17.1890682,0.0
315,86,103.1703511,16.1412016,0.0
315,87,102.1736983,17.1299294,0.0
315,88,100.1723859,17.0239106,0.0
315,89,99.8599752,16.2132523,0.0
315,90,99.8920062,16.014862,0.0
315,91,99.885805,16.1108354,0.0
315,92,99.8618785,16.1408054,0.0
315,93,98.1999287,15.1176782,0.0
315,94,96.7182336,15.076093,0.0
315,95,95.9090364,15.1094671,0.0
315,96,94.6977942,14.6552571,0.0
315,97,93.8423018,13.8815621,0.0
315,98,92.3734722,13.1440231,0.0
315,99,91.6912505,13.0389027,0.0
315,100,89.4192023,12.2927949,0.0
315,101,87.971046,12.193693,0.0
315,102,86.2339962,12.0400806,0.0
315,103,84.1013421,13.1644666,0.0
315,104,82.6253555,13.1285188,0.0
315,105,80.5898426,13.5866315,0.0
315,106,78.7375812,14.0756259,0.0
315,107,77.330793,14.7940837,0.0
315,108,75.7738377,14.4235788,0.0
315,109,72.9290975,15.1278044,0.0
315,110,69.7921256,15.7731504,0.0
306,12,0.4443274,24.6631686,0.0
306,13,2.6175989,22.9162013,0.0
306,14,5.3370315,20.9779599,0.0
306,15,7.6771663,19.0302098,0.0
306,16,9.1344268,16.6364806,0.0
306,17,10.0849551,15.2343609,0.0
306,18,11.0004873,12.7823938,0.0
306,19,10.9956049,12.8043528,0.0
306,20,10.979231,12.8792133,0.0
306,21,11.0038729,12.7605079,0.0
306,22,13.0126834,12.039304,0.0
306,23,14.9511032,13.2098605,0.0
306,24,16.249939,15.3459333,0.0
306,25,16.386178,16.4134045,0.0
306,26,15.9778044,17.891554,0.0
306,27,15.9890178,18.0270584,0.0
306,28,15.4750527,17.4808335,0.0
306,29,16.1729803,17.4577011,0.0
306,30,16.1284061,18.0115369,0.0
306,31,16.9038162,17.8939807,0.0
306,32,17.6228024,19.188059,0.0
306,33,18.1627279,20.6716473,0.0
306,34,18.3354653,20.4878274,0.0
306,35,18.2111871,19.7321089,0.0
306,36,17.9546739,19.0221946,0.0
306,37,18.986279,18.1450946,0.0
306,38,21.9101495,18.0045117,0.0
306,39,24.1341653,16.5600058,0.0
306,40,24.1523988,16.5613583,0.0
306,41,24.1770253,16.5230992,0.0
306,42,24.1527645,16.55473,0.0
306,43,24.0854236,16.5509774,0.0
306,44,24.1237538,16.490472,0.0
306,45,24.1762931,16.5911519,0.0
306,46,24.294581,17.7410553,0.0
306,47,24.5099849,17.7009665,0.0
306,48,24.3845326,17.8023623,0.0
306,49,24.3180409,17.6998935,0.0
306,50,24.4338555,17.9220259,0.0
306,51,24.3820828,17.7606545,0.0
306,52,24.5138788,16.4282018,0.0
306,53,23.9365081,15.9571204,0.0
306,54,23.4597041,16.020228,0.0
306,55,24.0629369,16.4708418,0.0
306,56,24.0471439,16.4028449,0.0
306,57,23.0447817,15.2975014,0.0
306,58,23.1225052,15.3540298,0.0
306,59,23.0497685,15.2781661,0.0
306,60,22.992863,15.2755969,0.0
306,61,24.0389529,14.9580772,0.0
306,62,23.9893803,15.3124834,0.0
306,63,25.9060513,14.7248667,0.0
306,64,26.8596007,14.1288736,0.0
306,65,27.2747483,14.0102215,0.0
306,66,28.8612642,14.8727062,0.0
306,67,28.9388628,14.8602721,0.0
306,68,28.9052254,14.7868143,0.0
306,69,28.9142036,14.8851535,0.0
306,70,27.9405628,13.8258573,0.0
306,71,27.9785068,13.754269,0.0
306,72,27.9580201,13.7943823,0.0
306,73,27.9402007,13.7987482,0.0
306,74,27.9353042,13.7186372,0.0
306,75,27.9352507,13.7751155,0.0
306,76,27.8952125,13.7808505,0.0
306,77,27.8916643,13.7981083,0.0
306,78,27.9501795,13.7812547,0.0
306,79,27.5991898,13.9636679,0.0
306,80,27.9841673,13.2065805,0.0
306,81,27.9839207,13.2011083,0.0
306,82,28.0122076,13.1908659,0.0
306,83,28.0250366,13.2346331,0.0
306,84,28.0286942,13.1473276,0.0
306,85,28.0063896,13.3088612,0.0
306,86,28.0026691,13.2623737,0.0
306,87,27.9942409,13.2107906,0.0
306,88,27.9873472,13.2895951,0.0
306,89,28.0169578,13.2074749,0.0
306,90,28.0104269,13.3290527,0.0
306,91,27.9881762,13.2595077,0.0
306,92,28.0335751,13.3171583,0.0
306,93,28.0400326,13.208495,0.0
306,94,27.9751242,13.1713028,0.0
306,95,28.3980934,12.2717575,0.0
306,96,29.0390375,11.3610433,0.0
306,97,28.7749273,10.1825958,0.0
306,98,28.1548473,7.8273354,0.0
306,99,27.2120446,6.5559359,0.0
306,100,27.0435458,5.9038043,0.0
306,101,26.9485826,6.0290115,0.0
306,102,25.7919799,5.7343272,0.0
306,103,25.5806297,5.513181,0.0
306,104,26.1251758,5.1312473,0.0
306,105,26.812388,4.9933911,0.0
306,106,28.1900383,4.7354848,0.0
306,107,30.0182248,4.2419047,0.0
306,108,31.5733037,4.0399956,0.0
306,109,32.8312251,3.1811852,0.0
306,110,33.9616209,2.2404646,0.0
306,111,34.5429957,0.7823865,0.0
20,0,102.5138161,117.9024025,0.0
20,1,102.5349937,116.8014108,0.0
20,2,103.1168094,115.2375938,0.0
20,3,102.9431417,114.1689794,0.0
20,4,102.9750842,113.4630153,0.0
20,5,103.0750444,113.1805876,0.0
20,6,103.3252836,112.1992015,0.0
20,7,103.0268511,111.5287725,0.0
20,8,102.5722966,110.4935559,0.0
20,9,101.9160647,109.7117623,0.0
20,10,101.1624575,109.2010824,0.0
20,11,100.5563352,109.3713772,0.0
20,12,100.5521334,109.7997655,0.0
20,13,101.0454185,109.3590663,0.0
20,14,100.9247347,109.5100346,0.0
20,15,100.3660175,108.7631981,0.0
20,16,100.2235763,108.0821344,0.0
20,17,100.1733188,106.8096864,0.0
20,18,99.8460729,105.2367381,0.0
20,19,99.1077412,104.0084065,0.0
20,20,98.7718226,102.7582389,0.0
20,21,98.5442072,102.229083,0.0
20,22,98.4691836,101.4283374,0.0
20,23,97.9650044,100.4443177,0.0
20,24,98.0439004,99.5268767,0.0
20,25,98.5985306,98.8546068,0.0
20,26,99.4640147,97.8707052,0.0
20,27,100.3900252,97.3341678,0.0
20,28,101.7611507,97.8802056,0.0
20,29,102.7723664,97.9274321,0.0
20,30,103.2522417,97.125087,0.0
20,31,104.388651,95.5136347,0.0
20,32,105.0087638,94.2339672,0.0
20,33,104.9930732,92.818417,0.0
20,34,105.5870111,91.657249,0.0
20,35,105.9456499,90.1529933,0.0
20,36,106.150184,90.6500534,0.0
20,37,108.2951801,89.3145873,0.0
20,38,108.3398439,88.9156035,0.0
20,39,108.5809335,87.3072545,0.0
20,40,108.8683622,86.168951,0.0
20,41,109.7671038,84.9548146,0.0
20,42,110.5281272,83.6528899,0.0
20,43,111.051601,82.8217378,0.0
20,44,111.7456305,82.1953703,0.0
20,45,111.859617,81.131542,0.0
20,46,112.9040893,80.0008004,0.0
20,47,113.8449309,80.2267917,0.0
20,48,114.9163188,79.930353,0.0
20,49,115.50574,79.7344035,0.0
20,50,115.9239849,79.225204,0.0
20,51,116.2094489,79.2676752,0.0
20,52,116.3164096,78.7927982,0.0
20,53,115.7874883,77.8888745,0.0
20,54,116.3635079,77.8399985,0.0
20,55,116.6956787,78.0686046,0.0
20,56,116.3937604,77.7366742,0.0
20,57,116.1655817,77.5421528,0.0
20,58,116.8445864,76.9884231,0.0
20,59,117.3412614,76.2199802,0.0
20,60,118.1828833,75.6370255,0.0
20,61,118.6767707,74.7929565,0.0
20,62,119.7778236,73.5385596,0.0
20,63,120.6322978,72.1626563,0.0
20,64,121.3355986,70.7561104,0.0
20,65,122.3233044,69.5016361,0.0
20,66,122.6428011,68.6408363,0.0
20,67,122.5935926,67.9949406,0.0
20,68,122.5998495,66.9312877,0.0
20,69,123.0510804,65.7674731,0.0
20,70,123.0602845,64.5185457,0.0
20,71,122.9950498,63.6067046,0.0
20,72,122.3932624,62.8923037,0.0
20,73,122.0499263,62.2393619,0.0
20,74,121.9495148,61.3043084,0.0
20,75,121.526746,59.7273378,0.0
20,76,121.1900639,59.5710426,0.0
20,77,121.0779369,58.4292305,0.0
20,78,121.0698121,57.4016034,0.0
20,79,120.7773343,55.9453972,0.0
20,80,120.412097,54.2334993,0.0
20,81,120.6926999,52.9409283,0.0
20,82,120.9488026,51.3556424,0.0
20,83,120.5434428,50.3910892,0.0
20,84,120.5682118,50.3050117,0.0
20,85,120.4623211,50.197094,0.0
20,86,120.6310021,50.2713291,0.0
20,87,120.504706,50.1715884,0.0
20,88,120.4852838,50.2045714,0.0
20,89,120.6062316,50.3354868,0.0
20,90,120.4589375,50.3684428,0.0
20,91,120.5051394,50.2536316,0.0
20,92,122.0113373,50.6678158,0.0
20,93,121.976223,50.7473841,0.0
20,94,121.9710237,50.6973758,0.0
20,95,122.0115052,50.7719386,0.0
20,96,121.9689451,50.7844416,0.0
20,97,121.9489407,50.7480157,0.0
20,98,121.8889039,50.7454704,0.0
20,99,122.0165369,50.7383557,0.0
20,100,123.2175109,53.4317918,0.0
20,101,124.9419589,56.05189,0.0
20,102,124.981535,55.9399145,0.0
20,103,124.3803684,54.6326424,0.0
20,104,123.4935933,53.1220313,0.0
20,105,123.1002637,52.2385375,0.0
20,106,122.8969041,51.0344543,0.0
20,107,122.8330274,51.0228819,0.0
20,108,122.8010586,50.9295965,0.0
20,109,122.8108866,50.9726055,0.0
20,110,122.8381846,50.9687957,0.0
20,111,122.8367327,50.9472151,0.0
20,112,122.7650295,51.0016303,0.0
20,113,126.1007676,49.874139,0.0
14,0,39.1218103,93.6685496,0.0
14,1,39.2085901,92.0626069,0.0
14,2,39.8350078,91.0767246,0.0
14,3,40.5809903,90.4482169,0.0
14,4,40.4647464,89.6782229,0.0
14,5,40.0054098,88.0647105,0.0
14,6,40.9106009,88.0226743,0.0
14,7,42.8920052,86.9161945,0.0
14,8,44.1436149,84.9225263,0.0
14,9,44.0038325,83.6730287,0.0
14,10,44.0100697,83.526716,0.0
14,11,43.9983592,83.6623749,0.0
14,12,43.9840494,83.5604279,0.0
14,13,44.3709538,83.5151951,0.0
14,14,44.4520681,83.5135912,0.0
14,15,44.4893023,84.5374728,0.0
14,16,45.8058598,85.0839898,0.0
14,17,47.6516411,84.6684779,0.0
14,18,48.8693051,85.3300059,0.0
14,19,49.2335759,85.7823716,0.0
14,20,49.180812,85.882392,0.0
14,21,49.7326995,86.2983824,0.0
14,22,50.0257684,87.0794761,0.0
14,23,49.5130528,86.6373829,0.0
14,24,49.1255684,86.4383056,0.0
14,25,50.2147654,86.2958448,0.0
14,26,51.8159456,85.9727715,0.0
14,27,54.0550091,87.1229599,0.0
14,28,56.7675186,88.1624411,0.0
14,29,59.2466909,88.0581382,0.0
14,30,60.5195786,88.035517,0.0
14,31,61.9523584,88.7861977,0.0
14,32,63.3887118,90.5938219,0.0
14,33,63.9817549,91.3018487,0.0
14,34,65.1186347,92.0072814,0.0
14,35,66.6016398,93.4088427,0.0
14,36,67.9516437,94.3668771,0.0
14,37,69.605665,94.6010917,0.0
14,38,71.5369987,95.4758416,0.0
14,39,73.4337165,96.6283071,0.0
14,40,74.308861,97.0369419,0.0
14,41,75.0341443,98.4087184,0.0
14,42,75.3079602,99.6290271,0.0
14,43,77.1452405,101.7123633,0.0
14,44,78.2116574,103.498885,0.0
14,45,78.1470411,103.484605,0.0
14,46,78.138758,103.3629518,0.0
14,47,78.2210555,103.5650237,0.0
14,48,78.1732687,103.374586,0.0
14,49,78.1335229,103.5477574,0.0
14,50,78.107891,103.5627169,0.0
14,51,78.1523619,103.4408282,0.0
14,52,78.1638504,103.5677841,0.0
14,53,78.2334594,103.4672073,0.0
14,54,78.2530296,103.5227237,0.0
14,55,78.1289814,103.5528819,0.0
14,56,78.0885679,103.5087293,0.0
14,57,78.2418434,103.4051705,0.0
14,58,78.1675274,103.4104981,0.0
14,59,76.2101285,102.7136338,0.0
14,60,76.1925946,102.7852217,0.0
14,61,76.2069285,102.6924583,0.0
14,62,76.2302381,102.8009384,0.0
14,63,74.8629593,104.3479122,0.0
14,64,74.896723,104.3466493,0.0
14,65,76.0993762,105.5188344,0.0
14,66,76.1194691,105.4957537,0.0
14,67,76.1292357,105.4914964,0.0
14,68,76.1359467,105.508182,0.0
14,69,75.4960687,109.1732077,0.0
14,70,75.6666929,109.1805385,0.0
14,71,75.4905198,109.2360898,0.0
14,72,75.4308146,109.2922538,0.0
14,73,75.4906212,109.1801879,0.0
14,74,75.4867315,109.1997983,0.0
14,75,75.6149743,109.1694569,0.0
14,76,75.6523381,109.1568262,0.0
14,77,75.5617173,109.136223,0.0
14,78,75.648338,109.1697,0.0
14,79,75.4852258,109.1915041,0.0
14,80,75.5020243,109.0445271,0.0
14,81,75.5402694,109.2412091,0.0
14,82,75.553972,109.1953128,0.0
14,83,75.5632492,109.1770915,0.0
14,84,75.5675505,109.1967271,0.0
14,85,75.5968208,109.1088699,0.0
14,86,75.581281,109.2433556,0.0
14,87,75.8649565,108.0886449,0.0
14,88,75.856685,106.7891148,0.0
14,89,74.4592373,108.1413038,0.0
14,90,72.734174,110.2847566,0.0
14,91,72.0082999,109.9003719,0.0
14,92,71.0677607,108.4497523,0.0
14,93,69.3387121,107.5258105,0.0
14,94,67.4150372,107.4834161,0.0
14,95,65.7500506,104.3995368,0.0
14,96,62.9016067,103.4109946,0.0
14,97,59.477726,102.2378042,0.0
14,98,57.1777144,102.1230191,0.0
14,99,55.8948694,101.1094615,0.0
14,100,53.8204184,100.9836019,0.0
14,101,52.9360225,100.167232,0.0
14,102,50.960185,99.1078502,0.0
14,103,51.0021882,99.1627238,0.0
14,104,50.9927442,99.0879508,0.0
14,105,50.9668971,99.0881656,0.0
14,106,50.9593488,99.1844842,0.0
14,107,50.9361249,99.0600254,0.0
14,108,50.895664,99.189853,0.0
14,109,50.4849326,98.2136774,0.0
14,110,50.4112799,98.2748257,0.0
14,111,52.6767171,94.845273,0.0
14,112,53.2466218,90.4997126,0.0
14,113,55.0140408,86.6951188,0.0
14,114,56.7155693,81.4504841,0.0
342,83,8.9839386,11.3441032,0.0
342,85,7.7472293,11.443396,0.0
342,86,7.5488066,11.4172603,0.0
342,87,7.4395368,11.4830244,0.0
342,88,8.5967545,11.7111778,0.0
342,89,10.4853624,10.8831519,0.0
342,90,12.1604865,10.8270761,0.0
342,92,10.7491683,10.922982,0.0
342,93,10.7825001,9.0472284,0.0
342,94,10.7654815,8.6568372,0.0
342,95,10.1916939,8.0699162,0.0
342,96,10.34088,8.0597368,0.0
342,97,10.295352,8.0369,0.0
342,98,10.2910051,8.0801202,0.0
342,99,9.5988445,8.4896985,0.0
342,100,9.5998064,8.5754616,0.0
342,101,9.5521083,8.468994,0.0
342,102,9.4481233,8.5781258,0.0
342,103,9.496364,8.5207018,0.0
342,104,9.6332763,8.5922386,0.0
342,105,8.8752135,10.6414406,0.0
342,106,8.6589642,11.7898476,0.0
342,107,8.1506349,13.1872638,0.0
342,108,8.2100021,13.0480587,0.0
342,109,8.1603432,13.1315328,0.0
342,110,7.6091504,13.5452135,0.0
342,111,7.4744121,13.4320895,0.0
342,112,7.522248,13.5633191,0.0
342,113,7.3768271,13.5468234,0.0
342,114,4.9554567,12.6244449,0.0
342,115,2.957916,11.9489836,0.0
342,116,1.6163564,10.979369,0.0
342,117,0.3673525,10.000307,0.0
32,0,100.2976121,11.9936642,0.0
32,1,100.5292225,10.8515155,0.0
32,2,102.4599364,10.3929423,0.0
32,3,101.1424859,9.6900312,0.0
32,4,102.7281334,11.1954357,0.0
32,5,104.0654138,12.1032402,0.0
32,6,102.8614113,13.9534515,0.0
32,7,103.5359884,15.7686187,0.0
32,8,103.999044,17.365832,0.0
32,9,104.0629856,19.1575368,0.0
32,10,104.351246,20.7958164,0.0
32,11,104.5358322,22.2954811,0.0
32,12,105.0862157,23.7970472,0.0
32,13,105.4390263,25.2070062,0.0
32,14,105.0849988,26.7069683,0.0
32,15,104.913752,28.0928294,0.0
32,16,105.4127906,29.1738719,0.0
32,17,105.4901448,29.0475282,0.0
32,18,105.4923225,29.1091666,0.0
32,19,107.0555544,29.5918147,0.0
32,20,108.6882686,30.7986182,0.0
32,21,109.9477663,32.0369197,0.0
32,22,111.0068304,33.6983879,0.0
32,23,113.0001623,35.8664734,0.0
32,24,113.9529684,37.5968754,0.0
32,25,113.9871657,37.6406022,0.0
32,26,114.0750298,37.6279066,0.0
32,27,114.0197687,37.7123549,0.0
32,28,113.9425638,37.8395361,0.0
32,29,113.9562129,37.7495151,0.0
32,30,114.0622677,37.650731,0.0
32,31,114.0036194,37.6975642,0.0
32,32,113.9617184,37.7326171,0.0
32,33,114.0170986,37.6225491,0.0
32,34,114.0742454,37.6535282,0.0
32,35,114.135144,37.7954474,0.0
32,36,113.8930655,37.6485764,0.0
32,37,114.3234282,37.8666625,0.0
32,38,114.2595563,37.7934078,0.0
32,39,114.2612193,37.8545289,0.0
32,40,114.2890676,37.8939953,0.0
32,41,115.1066296,39.0295131,0.0
32,42,115.2857444,39.890494,0.0
32,43,115.6076507,40.7190935,0.0
32,44,115.5798243,41.3848854,0.0
32,45,115.2322062,41.7935403,0.0
32,46,114.8978391,41.9903201,0.0
32,47,114.5329431,42.621122,0.0
32,48,113.8990443,43.8597709,0.0
32,49,113.7004625,46.0781537,0.0
32,50,113.7569011,47.9734299,0.0
32,51,113.9625827,49.1129738,0.0
32,52,114.6035648,49.9655525,0.0
32,53,115.1201482,51.5333657,0.0
32,54,115.2972766,53.0471188,0.0
32,55,115.60784,54.128784,0.0
32,56,116.0663653,56.0989866,0.0
32,57,115.9223597,58.1499843,0.0
32,58,114.8078402,59.9539126,0.0
32,59,115.0715285,60.8917511,0.0
32,60,115.1672703,61.9323013,0.0
32,61,114.588516,62.6760146,0.0
32,62,114.3684242,63.7943976,0.0
32,63,114.6488879,64.8888173,0.0
32,64,115.154425,66.0288753,0.0
32,65,115.9756351,67.5945788,0.0
32,66,116.7245252,69.0035848,0.0
32,67,116.8755359,68.9717336,0.0
32,68,116.2447041,70.9735688,0.0
32,69,115.762596,72.8891447,0.0
32,70,115.9972301,75.1685737,0.0
32,71,116.6062837,78.4048022,0.0
32,72,116.9375866,82.2301387,0.0
32,73,116.3607309,85.3088364,0.0
32,74,116.7503806,87.3031859,0.0
32,75,117.1123638,89.1969844,0.0
32,76,117.1498559,90.0956181,0.0
32,77,117.2969333,91.6358099,0.0
32,78,116.3944741,92.3780513,0.0
32,79,116.3892745,92.5642873,0.0
32,80,116.3905443,92.5660136,0.0
32,81,116.4087671,92.5125835,0.0
32,82,116.3969344,92.3324611,0.0
32,83,116.4507174,92.6150462,0.0
32,84,116.4502681,92.576136,0.0
32,85,116.3450325,92.5774837,0.0
32,86,116.4728149,92.5507055,0.0
32,87,116.3919625,92.5575402,0.0
32,88,116.2918495,92.5553262,0.0
32,89,116.4596064,92.5602391,0.0
32,90,116.4279462,92.5593155,0.0
32,91,114.8596065,91.9552283,0.0
32,92,114.8642778,92.0944873,0.0
32,93,114.7685426,91.9972908,0.0
32,94,116.2829698,93.2224374,0.0
32,95,117.3342967,94.7354131,0.0
32,96,118.9484218,95.8862316,0.0
32,97,120.6822349,96.661762,0.0
32,98,121.7695867,97.6363083,0.0
32,99,121.9657652,97.8481065,0.0
32,100,121.6943436,98.461791,0.0
32,101,121.7089386,99.2373895,0.0
32,102,121.0941321,99.7213728,0.0
32,103,120.2507183,99.9523409,0.0
32,104,119.7225817,100.1668184,0.0
32,105,118.9283075,100.6368968,0.0
32,106,118.1273304,101.9167174,0.0
32,107,118.1443066,103.8477827,0.0
32,108,118.7726936,106.2486122,0.0
32,109,118.8710575,107.961252,0.0
32,110,119.7618617,109.9326521,0.0
32,111,120.6886583,111.2237668,0.0
32,112,121.9977439,111.5541073,0.0
32,113,122.8240122,112.4356284,0.0
32,114,123.5083375,113.634039,0.0
32,115,124.678643,115.1479088,0.0
32,116,125.2385909,116.1202324,0.0
32,117,125.5031056,117.6506114,0.0
32,118,126.2120925,118.9588111,0.0
32,119,126.7901174,120.121835,0.0
347,94,127.0,39.8713141,0.0
347,95,127.0,39.9910446,0.0
347,96,127.0,39.8054345,0.0
347,97,126.8192688,39.6929755,0.0
347,98,127.0,39.6949191,0.0
347,99,127.0,39.7849374,0.0
347,100,126.9206705,40.0412823,0.0
347,101,126.9294595,39.8437002,0.0
347,102,126.8772911,39.1304025,0.0
347,103,126.4916925,38.3429725,0.0
347,104,125.6247017,37.640332,0.0
347,105,124.4306532,37.0151191,0.0
347,106,123.701255,36.7216506,0.0
347,107,123.0164025,36.1330337,0.0
347,108,121.9588672,35.9453744,0.0
347,109,120.8076185,35.998397,0.0
347,110,119.50815,36.3012839,0.0
347,111,118.2665291,36.7486204,0.0
347,112,116.9620595,36.8598805,0.0
347,113,115.6313008,36.3972037,0.0
347,114,114.0210092,36.3236281,0.0
347,115,112.3271543,36.2547049,0.0
347,116,111.0311226,35.8205637,0.0
347,117,110.1102749,35.6085622,0.0
347,118,108.9726516,35.4376627,0.0
347,119,108.1763105,35.6328708,0.0
347,120,107.9326435,35.238902,0.0
347,121,107.0957877,35.1100956,0.0
347,122,106.0625734,34.6095302,0.0
331,64,0.8609363,37.870801,0.0
331,65,3.0406456,37.1427675,0.0
331,66,4.8705273,36.989749,0.0
331,67,6.8062795,36.5104726,0.0
331,68,8.8540511,36.057989,0.0
331,69,10.4585454,35.8048884,0.0
331,70,11.9032089,35.449086,0.0
331,71,11.9195956,35.4750148,0.0
331,72,11.986505,35.4934592,0.0
331,73,11.8955702,35.5076519,0.0
331,74,11.9518619,35.396349,0.0
331,75,11.8988912,35.48026,0.0
331,76,11.9145522,35.5683495,0.0
331,77,11.9217947,35.5349772,0.0
331,78,11.9040255,35.5002603,0.0
331,79,14.3725714,34.389626,0.0
331,80,16.5392508,32.9901654,0.0
331,81,18.4641886,32.1798682,0.0
331,82,20.0174442,31.1410994,0.0
331,83,21.8954345,30.9726934,0.0
331,84,23.4007752,30.042453,0.0
331,85,25.3520963,28.4200829,0.0
331,86,28.2328751,26.9547456,0.0
331,87,30.6564312,25.9434642,0.0
331,88,33.2827222,24.3734405,0.0
331,89,35.5623948,23.1790988,0.0
331,90,37.3715357,22.5348902,0.0
331,91,39.7304676,21.491251,0.0
331,92,41.8647509,20.3367653,0.0
331,93,44.0097432,19.2022799,0.0
331,94,44.0229171,19.1921631,0.0
331,95,45.7494441,18.4185475,0.0
331,96,48.0550316,17.5158259,0.0
331,97,50.7192112,16.8467739,0.0
331,98,53.4522302,16.2420866,0.0
331,99,56.3207049,15.8170443,0.0
331,100,58.993041,15.5171182,0.0
331,101,61.2060059,14.7579732,0.0
331,102,63.1157333,14.1176694,0.0
331,103,64.7692187,13.7239305,0.0
331,104,64.8302595,13.7621344,0.0
331,105,64.9123427,13.8606017,0.0
331,106,64.8678008,14.2697331,0.0
331,107,64.8003448,14.2579069,0.0
331,108,64.8133866,14.2134362,0.0
331,109,64.6907664,14.2503728,0.0
331,110,64.6965811,14.2976547,0.0
331,111,65.2685024,14.9016801,0.0
331,112,65.5641472,15.3481049,0.0
331,113,66.0812553,16.0787312,0.0
331,114,65.8877625,16.226642,0.0
331,115,65.0035427,15.1328416,0.0
331,116,65.131199,15.216202,0.0
331,117,64.9982732,15.1015316,0.0
331,118,65.0709622,15.1588036,0.0
331,119,65.091581,15.1445314,0.0
331,120,65.2965587,15.9853705,0.0
331,121,67.053627,16.581584,0.0
331,122,67.0322354,16.5687149,0.0
331,123,67.043478,16.5798531,0.0
331,124,66.4314509,14.4572802,0.0
331,125,65.7778549,12.767121,0.0
360,129,105.5696078,30.9209303,0.0
21,0,13.2776594,122.4045535,0.0
21,1,13.4993479,122.6492844,0.0
21,2,13.5243453,123.0993239,0.0
21,3,13.7004879,124.1073893,0.0
21,4,13.7978733,124.7803786,0.0
21,5,13.9715287,125.5196771,0.0
21,6,13.8963553,125.9266735,0.0
21,7,13.838003,126.0259519,0.0
21,8,13.1993901,125.3508674,0.0
21,9,12.4406644,123.5407566,0.0
21,10,12.2241003,123.6469607,0.0
21,11,12.069866,122.9877124,0.0
21,12,12.0573525,122.9544197,0.0
21,13,14.7686081,120.5967892,0.0
21,14,14.3458491,121.0925667,0.0
21,15,14.400699,121.0761863,0.0
21,16,14.970635,121.9833973,0.0
21,17,15.8455717,122.8096965,0.0
21,18,16.6909984,123.6482564,0.0
21,19,17.7238849,124.958134,0.0
21,20,18.9552567,125.6632831,0.0
21,21,19.745679,126.6641279,0.0
21,22,19.8037706,126.6529804,0.0
21,23,22.0336722,125.1771585,0.0
21,24,24.424812,123.5410168,0.0
21,25,27.1517201,121.9661142,0.0
21,26,27.1245766,121.9319392,0.0
21,27,27.1231106,121.9560897,0.0
21,28,27.079201,121.9306981,0.0
21,29,27.1190739,121.9975697,0.0
21,30,28.6818764,120.9639922,0.0
21,31,30.7755049,120.2987499,0.0
21,32,31.2664676,120.3270676,0.0
21,33,31.2277478,120.332631,0.0
21,34,31.255289,120.3376564,0.0
21,35,31.2207372,120.3639159,0.0
21,36,32.0531441,119.6090938,0.0
21,37,33.7678408,119.8972248,0.0
21,38,34.1455978,119.1813926,0.0
21,39,33.744545,119.0403718,0.0
21,40,33.840748,118.5311628,0.0
21,41,33.4805375,117.0175873,0.0
21,42,32.0579478,116.1669297,0.0
21,43,31.2070458,115.1281387,0.0
21,44,30.9540263,113.7660983,0.0
21,45,30.7953579,110.2073117,0.0
21,46,30.9874358,109.5904107,0.0
21,47,30.7109255,110.054703,0.0
21,48,30.3652123,110.8766313,0.0
21,49,29.9624804,111.2527063,0.0
21,50,28.8873852,111.0551118,0.0
21,51,27.9166501,110.6503022,0.0
21,52,28.3332881,109.2366652,0.0
21,53,27.615393,107.5454617,0.0
21,54,27.6708495,105.2861839,0.0
21,55,28.7181967,103.6985015,0.0
21,56,28.0917757,102.9590789,0.0
21,57,28.2479498,102.01558,0.0
21,58,26.9956292,101.0583685,0.0
21,59,27.4296087,98.9824868,0.0
21,60,27.3390994,97.1851942,0.0
21,61,26.8696383,95.9465369,0.0
21,62,25.1630453,94.4511299,0.0
21,63,24.6349627,93.0173231,0.0
21,64,23.3848361,91.9148894,0.0
21,65,21.9715492,89.8815847,0.0
21,66,21.4613151,88.7671456,0.0
21,67,21.5658847,87.3979031,0.0
21,68,21.3215215,87.1483858,0.0
21,69,20.4473863,87.2058705,0.0
21,70,20.4748404,87.07646,0.0
21,71,20.7015225,87.0856093,0.0
21,72,20.6746699,85.2567542,0.0
21,73,19.1396655,84.0202137,0.0
21,74,17.5331564,82.3200407,0.0
21,75,16.615154,80.5320344,0.0
21,76,14.5294438,79.1122106,0.0
21,77,12.9936302,78.0607976,0.0
21,78,11.2568534,77.2943681,0.0
21,79,11.2492221,77.4354781,0.0
21,80,11.1159447,77.3667649,0.0
21,81,11.1946571,77.4426325,0.0
21,82,11.1558037,77.3685284,0.0
21,83,11.1737617,77.4817374,0.0
21,84,11.1784682,77.480588,0.0
21,85,11.0854977,77.5648089,0.0
21,86,10.9485848,77.6127763,0.0
21,87,11.0321371,77.5621241,0.0
21,88,11.035456,78.9714376,0.0
21,89,11.0022521,78.9704005,0.0
21,90,10.9330037,78.8793287,0.0
21,91,10.9795659,78.9787257,0.0
21,92,10.9714985,79.0324836,0.0
21,93,10.9729355,78.9766303,0.0
21,94,10.8745435,75.1512212,0.0
21,95,10.1070159,72.0884056,0.0
21,96,10.703878,69.9282884,0.0
21,97,11.7082641,68.1457657,0.0
21,98,13.0902742,66.659974,0.0
21,99,14.0988115,65.6070415,0.0
21,100,14.7788402,63.8648801,0.0
21,101,14.7985748,63.7658171,0.0
21,102,14.8037356,63.8224906,0.0
21,103,14.9016321,63.7006157,0.0
21,104,14.9016346,63.8292928,0.0
21,105,14.7057123,63.8784864,0.0
21,106,14.8664856,66.4898373,0.0
21,107,14.9112414,66.5944443,0.0
21,108,14.8704245,66.5074659,0.0
21,109,14.8716761,66.4812953,0.0
21,110,14.8614368,66.3566261,0.0
21,111,14.2484719,69.9581645,0.0
21,112,13.5420647,72.3658675,0.0
21,113,13.3964354,75.0581137,0.0
21,114,13.8345356,77.7779172,0.0
21,115,15.6754599,80.6328049,0.0
21,116,16.8657591,83.0763752,0.0
21,117,17.0705847,85.6565028,0.0
21,118,18.0427819,87.9361701,0.0
21,119,18.4277495,91.0888433,0.0
21,120,19.3537885,94.9185337,0.0
21,121,20.2393086,98.6579874,0.0
21,122,21.2767975,102.8570041,0.0
21,123,21.8276464,106.8062076,0.0
21,124,21.8537167,109.0416059,0.0
21,125,22.3062977,111.605673,0.0
21,126,22.3900383,115.2668494,0.0
21,127,22.4614848,115.2919951,0.0
21,128,24.6901477,119.6232606,0.0
21,129,28.6918482,122.8241981,0.0
21,130,30.8625881,126.3098069,0.0
352,120,65.0093409,12.7353549,0.0
352,121,64.6906033,12.0043831,0.0
352,122,63.3800799,10.76376,0.0
352,123,63.4547498,9.1428769,0.0
352,124,64.1236224,8.0815084,0.0
352,125,64.7525291,7.5060773,0.0
352,126,65.1637609,6.9257616,0.0
352,127,64.9876826,7.8348779,0.0
352,128,64.3862767,7.0192665,0.0
352,129,64.240157,6.1809805,0.0
352,130,62.4072755,3.0949565,0.0
352,131,61.9234158,2.0683366,0.0
352,132,61.882055,0.4436347,0.0
51,0,70.0023241,2.5976925,0.0
51,1,70.1336312,2.5544739,0.0
51,2,70.8096299,2.8226804,0.0
51,3,71.2423973,2.5831359,0.0
51,4,71.9615473,2.544332,0.0
51,5,71.9077152,2.5707052,0.0
51,6,71.9345834,2.631279,0.0
51,7,71.9449815,2.6457973,0.0
51,8,71.932026,2.5127533,0.0
51,9,71.9166608,2.6069331,0.0
51,10,71.9113132,2.6002821,0.0
51,11,70.7516703,3.9006141,0.0
51,12,70.9355044,3.8520053,0.0
51,13,69.9463885,4.9654137,0.0
51,14,70.531742,6.6642525,0.0
51,15,70.5709767,7.8870637,0.0
51,16,70.4790843,8.6049879,0.0
51,17,71.6583106,10.141397,0.0
51,18,72.1336209,12.0116273,0.0
51,19,72.1850366,13.603299,0.0
51,20,71.7184645,15.2732235,0.0
51,21,71.1940451,16.25973,0.0
51,22,71.2542177,17.4702249,0.0
51,23,71.1365476,20.1362872,0.0
51,24,71.2465575,22.2589349,0.0
51,25,71.3280822,25.023198,0.0
51,26,71.6905951,26.8251285,0.0
51,27,71.3162258,28.2013854,0.0
51,28,70.0079975,30.1733036,0.0
51,29,68.9619313,30.7447955,0.0
51,30,69.0727201,30.887862,0.0
51,31,68.1758808,31.9816289,0.0
51,32,66.6025794,33.148831,0.0
51,33,64.9404261,33.9493135,0.0
51,34,63.498913,35.1480277,0.0
51,35,62.7009294,36.5129904,0.0
51,36,61.6200388,37.4910995,0.0
51,37,60.1040601,37.8386044,0.0
51,38,58.7209331,39.7903134,0.0
51,39,57.1187679,42.0059187,0.0
51,40,56.3254327,44.2014889,0.0
51,41,55.564372,46.5664779,0.0
51,42,55.3843725,49.2867483,0.0
51,43,55.3241713,49.4040105,0.0
51,44,55.3572701,49.3752562,0.0
51,45,53.9990915,49.9716394,0.0
51,46,52.815269,50.7979805,0.0
51,47,51.7677001,51.5252644,0.0
51,48,50.9086828,51.2698981,0.0
51,49,50.1008455,51.4078449,0.0
51,50,49.2730826,51.7014619,0.0
51,51,48.1550612,51.7310847,0.0
51,52,48.1598866,51.7370752,0.0
51,53,50.0005252,50.7067161,0.0
51,54,52.0169808,49.9340048,0.0
51,55,52.6733611,49.4932084,0.0
51,56,52.7453227,48.9203449,0.0
51,57,54.1776521,49.1121535,0.0
51,58,55.1894578,48.0987717,0.0
51,59,55.6365577,49.1999208,0.0
51,60,55.672783,48.2903378,0.0
51,61,55.6857662,47.6724994,0.0
51,62,55.0300753,47.4204707,0.0
51,63,55.3917256,47.0883629,0.0
51,64,55.3063939,47.0554958,0.0
51,65,55.3253555,46.9415334,0.0
51,66,55.332657,47.0286409,0.0
51,67,55.2714353,47.0207409,0.0
51,68,55.2482553,46.9966155,0.0
51,69,55.2912412,47.013155,0.0
51,70,55.2941951,47.0653259,0.0
51,71,55.3352732,47.0768783,0.0
51,72,53.7104883,48.230195,0.0
51,73,53.7011959,48.3157259,0.0
51,74,53.7809642,48.1711965,0.0
51,75,51.490079,49.7252519,0.0
51,76,51.2318337,51.0589539,0.0
51,77,52.1571864,53.2092209,0.0
51,78,52.2266057,54.7902994,0.0
51,79,51.9273271,57.0072211,0.0
51,80,52.6453363,59.0545076,0.0
51,81,53.1730784,61.5245977,0.0
51,82,51.9794741,62.9605269,0.0
51,83,50.1893736,63.9620454,0.0
51,84,50.2641747,63.9809452,0.0
51,85,50.2782842,64.0173062,0.0
51,86,50.8943096,63.9505147,0.0
51,87,50.8529802,63.9679828,0.0
51,88,51.2179779,63.0133151,0.0
51,89,51.1666868,63.1074619,0.0
51,90,51.2041139,63.065146,0.0
51,91,51.2341797,62.9732025,0.0
51,92,51.1779923,63.0688111,0.0
51,93,52.9558405,64.9158703,0.0
51,94,53.8893821,66.2978727,0.0
51,95,55.3706601,68.17481,0.0
51,96,57.956643,69.9760905,0.0
51,97,60.796123,70.5424294,0.0
51,98,60.717509,70.4863999,0.0
51,99,60.7388198,70.529258,0.0
51,100,60.7581293,70.5302806,0.0
51,101,62.3347969,68.2591211,0.0
51,102,64.7230766,66.1559544,0.0
51,103,68.4112577,63.1841069,0.0
51,104,70.2514813,60.7341307,0.0
51,105,71.9007822,58.2551656,0.0
51,106,73.1316578,56.2259495,0.0
51,107,74.5066808,53.573899,0.0
51,108,76.9617573,51.9800693,0.0
51,109,79.0866537,50.0769296,0.0
51,110,82.1252949,47.7987926,0.0
51,111,84.8377196,46.9959865,0.0
51,112,86.2401858,45.1272647,0.0
51,113,88.9472566,44.8989123,0.0
51,114,92.0379716,45.0930322,0.0
51,115,95.0472862,44.3210778,0.0
51,116,97.1438018,44.0728737,0.0
51,117,98.0779732,43.4660106,0.0
51,118,98.7696959,42.5509902,0.0
51,119,99.8181288,42.1800479,0.0
51,120,101.4104163,42.0877937,0.0
51,121,103.0867644,42.1546956,0.0
51,122,105.5663558,41.3175594,0.0
51,123,108.7920523,40.6292551,0.0
51,124,108.7821044,40.6921807,0.0
51,125,108.6779549,40.6089334,0.0
51,126,108.7780851,40.618284,0.0
51,127,108.7645929,40.7116884,0.0
51,128,108.7378733,40.6263788,0.0
51,129,108.7587075,40.6871371,0.0
51,130,108.7906946,40.7097182,0.0
51,131,108.691255,40.7084492,0.0
51,132,108.8362878,40.7124583,0.0
51,133,108.7758512,40.7938721,0.0
51,134,108.1146354,40.4347516,0.0
345,90,71.0380419,18.5078645,0.0
345,91,72.6033838,20.8391308,0.0
345,92,75.0176973,22.7313214,0.0
345,93,77.0291918,24.4998639,0.0
345,94,78.2742914,25.797096,0.0
345,95,78.2811467,25.8154924,0.0
345,96,78.2926055,25.8193404,0.0
345,97,78.507276,28.1104744,0.0
345,98,79.1719669,30.2076976,0.0
345,99,79.7604201,33.0984274,0.0
345,100,79.6579213,35.9368516,0.0
345,101,79.0998245,38.7589032,0.0
345,102,78.9470678,41.7031843,0.0
345,103,79.7125941,44.4828058,0.0
345,104,80.2244918,47.2158284,0.0
345,105,79.8618268,49.9090384,0.0
345,106,78.9986594,53.2310966,0.0
345,107,78.7775978,55.8310504,0.0
345,108,78.366993,58.9774334,0.0
345,109,78.2759378,61.1865908,0.0
345,110,78.4682317,62.7575854,0.0
345,111,78.1446824,64.590883,0.0
345,112,77.7931134,66.215258,0.0
345,113,78.232506,68.4379525,0.0
345,114,78.1890863,70.3700975,0.0
345,115,77.7749403,72.1747852,0.0
345,116,77.0166971,74.9183703,0.0
345,117,76.897412,77.5547628,0.0
345,118,76.4639472,80.9618519,0.0
345,119,76.0153826,83.9372162,0.0
345,120,75.8503758,86.5507788,0.0
345,121,75.7019527,89.9937985,0.0
345,122,75.0217725,92.9846874,0.0
345,123,73.9396049,96.1645207,0.0
345,124,73.1863792,100.6002086,0.0
345,125,71.975207,103.973725,0.0
345,126,71.7233774,106.4946404,0.0
345,127,71.3419742,108.6836863,0.0
345,128,71.2915178,110.1916971,0.0
345,129,70.8199816,112.4125157,0.0
345,130,69.8516101,114.7551072,0.0
345,131,68.7163519,117.5164928,0.0
345,132,67.3901769,120.2327755,0.0
345,133,65.8024021,122.4634822,0.0
345,134,64.5999057,124.8050406,0.0
345,135,63.9188584,126.8791762,0.0
364,137,109.7821101,42.3279062,0.0
335,69,86.6747506,0.9587888,0.0
335,70,88.6319725,3.459153,0.0
335,71,90.220327,6.1475992,0.0
335,72,91.6239115,9.1575447,0.0
335,73,93.4916579,13.4930547,0.0
335,74,95.1313444,16.7684411,0.0
335,75,96.7655744,19.9228586,0.0
335,76,98.7178221,23.2539033,0.0
335,77,101.4289414,25.0546665,0.0
335,78,101.4080214,25.1914946,0.0
335,79,101.3876813,25.0746251,0.0
335,80,101.4170032,25.0519617,0.0
335,81,101.4664742,25.1041919,0.0
335,82,101.9629904,26.8162807,0.0
335,83,101.0536793,28.0947065,0.0
335,84,100.6168245,29.1990282,0.0
335,85,101.4181869,31.199958,0.0
335,86,101.1890558,32.0760857,0.0
335,87,101.6521742,32.0460842,0.0
335,88,101.5771821,32.8692074,0.0
335,89,102.0204825,32.5189972,0.0
335,90,102.6904742,32.2383293,0.0
335,91,101.9696364,33.1169083,0.0
335,92,101.8122017,34.9602245,0.0
335,93,101.8728458,35.8112071,0.0
335,94,101.9466625,36.75361,0.0
335,95,102.692622,37.3261441,0.0
335,96,101.8387886,38.9902094,0.0
335,97,100.7219768,39.7828816,0.0
335,98,101.0689483,40.9379272,0.0
335,99,99.8515525,41.1956696,0.0
335,100,99.123818,42.456016,0.0
335,101,98.6981063,43.5590312,0.0
335,102,98.5622682,44.5146343,0.0
335,103,98.7541879,45.7626093,0.0
335,104,98.9167789,47.022067,0.0
335,105,98.7355322,48.6331726,0.0
335,106,99.0568246,50.0519629,0.0
335,107,98.7550881,51.8450619,0.0
335,108,98.2432363,54.277238,0.0
335,109,98.5809758,56.1249849,0.0
335,110,99.806609,56.6142781,0.0
335,111,99.1716747,57.2008435,0.0
335,112,100.0698202,57.9769092,0.0
335,113,100.2746232,57.8047934,0.0
335,114,100.1767563,58.1540709,0.0
335,115,99.165788,58.4240744,0.0
335,116,98.7823498,59.0524398,0.0
335,117,97.0450103,60.1547992,0.0
335,118,95.4750424,61.281291,0.0
335,119,94.9929945,61.8595125,0.0
335,120,94.6174665,61.1307936,0.0
335,121,93.4182232,62.7344212,0.0
335,122,93.8870336,62.6208543,0.0
335,123,94.0495964,63.2174113,0.0
335,124,94.5834932,64.0919388,0.0
335,125,94.2261719,65.0351315,0.0
335,126,94.1535004,67.1274304,0.0
335,127,94.0725587,68.5165064,0.0
335,128,94.1341426,70.0890981,0.0
335,129,94.1852684,71.8250273,0.0
335,130,94.1391634,73.9834859,0.0
335,131,93.4944915,75.8738383,0.0
335,132,93.1439731,77.3712549,0.0
335,133,92.2050121,77.9429319,0.0
335,134,93.3565775,79.0751242,0.0
335,135,93.4327308,79.3806043,0.0
335,136,92.9114623,79.2841614,0.0
335,137,92.5845317,78.9202017,0.0
335,138,91.8983404,78.4661793,0.0
335,139,90.288578,77.9452503,0.0
335,140,91.9404987,76.9224662,0.0
357,128,108.926344,27.6715793,0.0
357,129,110.781527,26.1750417,0.0
357,130,112.2195777,24.2054292,0.0
357,131,112.9072597,20.9726007,0.0
357,132,115.287684,19.9007165,0.0
357,133,116.5374934,19.1643003,0.0
357,134,116.978871,18.667005,0.0
357,135,118.1451714,17.4725099,0.0
357,137,120.1436411,14.2506191,0.0
357,138,122.104577,12.9333403,0.0
357,139,123.9008706,11.5457731,0.0
357,140,124.9045969,10.2387879,0.0
357,141,126.7220805,7.4576717,0.0
355,124,126.7160236,31.0069147,0.0
355,125,125.2610051,29.3226419,0.0
355,126,123.9224173,27.888399,0.0
355,127,122.8507951,25.9041848,0.0
355,128,121.6174635,24.5324478,0.0
355,129,120.3002448,22.8484033,0.0
355,130,119.6089922,20.8394774,0.0
355,131,120.0105224,18.678736,0.0
355,132,118.4740877,16.7762647,0.0
355,133,117.7290083,14.7075283,0.0
355,134,117.0950862,13.1619391,0.0
355,135,116.8659759,11.8234027,0.0
355,136,116.1879567,10.7832708,0.0
355,137,115.8483936,9.387216,0.0
355,138,115.0899604,8.5398801,0.0
355,139,114.3894364,7.4794235,0.0
355,140,113.8742877,5.7057507,0.0
355,141,112.8227366,4.2776204,0.0
355,142,112.2246655,2.9796263,0.0
355,143,111.3885323,1.7003935,0.0
355,144,110.4714858,1.1297982,0.0
366,141,109.7197682,42.0784173,0.0
366,142,109.7907727,42.1562703,0.0
366,143,109.7169816,42.1138205,0.0
366,144,111.9539739,40.1838954,0.0
366,145,114.9032712,38.9370045,0.0
366,146,116.8718653,37.9609094,0.0
366,147,118.2191927,36.2124081,0.0
366,148,119.2951165,34.6798943,0.0
366,149,120.0058316,33.142489,0.0
366,150,120.2214988,32.2015541,0.0
366,151,120.6937455,31.2105581,0.0
366,152,122.7093138,30.308781,0.0
366,153,124.1216737,28.9386606,0.0
366,154,125.0993665,27.2057927,0.0
366,156,126.5876242,24.9091985,0.0
349,103,126.057982,81.3940053,0.0
349,104,124.1381228,81.1670252,0.0
349,105,122.3023683,80.8684882,0.0
349,106,120.5728764,80.6225572,0.0
349,107,118.4376985,81.0032914,0.0
349,108,118.4238556,80.9973278,0.0
349,109,117.5392844,81.5819783,0.0
349,110,116.4594693,81.9622875,0.0
349,111,115.38936,82.1943988,0.0
349,112,114.2109546,82.6812218,0.0
349,113,113.1607852,83.2679156,0.0
349,114,112.2601871,83.9217349,0.0
349,115,111.7154828,84.9319087,0.0
349,116,110.7864741,85.6928365,0.0
349,117,110.0242824,86.6831109,0.0
349,118,109.0214982,87.7634612,0.0
349,119,107.8504576,88.8510908,0.0
349,120,106.3089542,89.8034327,0.0
349,121,105.3258692,91.0094432,0.0
349,122,104.1726398,91.8338802,0.0
349,123,103.2256254,93.1482754,0.0
349,124,102.1952869,94.4658619,0.0
349,125,102.0745109,94.4965931,0.0
349,126,102.2196064,94.5261633,0.0
349,127,102.1081233,94.4898712,0.0
349,128,102.2314705,94.5522979,0.0
349,129,102.141216,94.6182089,0.0
349,130,102.1366761,94.6863494,0.0
349,131,102.2165175,94.5912103,0.0
349,132,102.245115,94.5800966,0.0
349,133,102.2953468,94.4919465,0.0
349,134,102.2285296,94.4681538,0.0
349,135,102.2273728,94.5951329,0.0
349,136,104.6498119,93.6960162,0.0
349,137,107.6362919,92.9289408,0.0
349,138,110.2916486,92.0651119,0.0
349,139,112.9311543,91.3287116,0.0
349,140,115.1044627,91.3191109,0.0
349,141,115.117244,91.3500918,0.0
349,142,115.2552718,91.3202232,0.0
349,143,115.2012808,91.4218085,0.0
349,144,115.1030688,91.3145949,0.0
349,145,115.1120076,91.4293988,0.0
349,146,115.2654178,91.4160032,0.0
349,147,115.2349909,91.2766078,0.0
349,148,115.1592916,91.3303642,0.0
349,149,115.1474685,91.4204726,0.0
349,150,115.0979984,91.4181328,0.0
349,151,115.2095006,91.4462715,0.0
349,152,115.1514215,91.3435294,0.0
349,153,115.1735368,91.4146308,0.0
349,154,115.1283994,91.3567459,0.0
349,155,114.3061594,91.9726645,0.0
349,156,114.2939942,91.9268071,0.0
349,157,114.3082623,91.9118286,0.0
349,158,114.2887236,91.9333729,0.0
349,159,114.3039941,92.1566831,0.0
361,130,124.0225234,17.3343743,0.0
361,131,120.8888627,18.6445576,0.0
361,132,121.5224314,18.7629226,0.0
361,133,121.4409274,18.5802149,0.0
361,134,119.8894494,19.8313452,0.0
361,135,117.6937422,19.8214867,0.0
361,136,116.9034377,19.9575309,0.0
361,137,115.3217348,19.4772743,0.0
361,138,114.6832697,19.1638912,0.0
361,139,114.8309118,19.3660089,0.0
361,140,114.6959995,19.3177675,0.0
361,141,114.7844639,19.2795512,0.0
361,142,114.7794284,19.2354605,0.0
361,143,114.8311603,19.2726642,0.0
361,144,114.7469545,19.2261551,0.0
361,145,114.7874141,19.2948406,0.0
361,146,115.4343902,19.8287754,0.0
361,147,116.600532,20.9326061,0.0
361,148,118.1909211,21.2481829,0.0
361,149,119.1079114,22.1902541,0.0
361,150,120.6906181,22.913101,0.0
361,151,122.9039565,24.2481602,0.0
361,152,123.7625692,24.86191,0.0
361,153,123.9438408,24.925379,0.0
361,154,124.7842289,25.6848293,0.0
361,155,126.167551,26.0624947,0.0
361,156,126.2098639,26.5578782,0.0
361,157,125.6880926,26.0427217,0.0
361,158,126.7117707,26.7829194,0.0
361,160,126.8158307,26.4619205,0.0
361,161,126.7707128,25.7310361,0.0
369,163,114.1407917,92.0858315,0.0
10,0,46.3543806,82.4759327,0.0
10,1,45.6129274,84.3981027,0.0
10,2,45.0975557,83.1140644,0.0
10,3,44.1663057,81.8671553,0.0
10,4,44.0946431,80.1840181,0.0
10,5,43.9889625,80.1517368,0.0
10,6,44.1103767,80.2323299,0.0
10,7,44.1210033,80.140524,0.0
10,8,43.9856696,80.1601135,0.0
10,9,44.0699121,80.129477,0.0
10,10,44.0147381,80.2641752,0.0
10,11,44.1277234,80.0829079,0.0
10,12,44.054789,80.3048442,0.0
10,13,44.0958319,80.1444373,0.0
10,14,44.0133906,80.1428333,0.0
10,15,44.004179,80.1504411,0.0
10,16,43.5360372,81.7301974,0.0
10,17,43.5776955,81.6896499,0.0
10,18,43.6109488,81.7461455,0.0
10,19,42.8142785,82.0625784,0.0
10,20,40.5216605,81.4497681,0.0
10,21,38.9778378,81.1328945,0.0
10,22,37.2927855,81.6012783,0.0
10,23,35.5675409,82.0416353,0.0
10,24,34.8651284,81.1948935,0.0
10,25,33.3390247,81.7319529,0.0
10,26,32.5344032,80.4966882,0.0
10,27,31.781829,80.1476763,0.0
10,28,31.1406276,79.9670383,0.0
10,29,30.7854105,80.2516722,0.0
10,30,29.2759993,79.9115745,0.0
10,31,27.4679435,80.9719985,0.0
10,32,27.4010328,81.9088583,0.0
10,33,27.1324571,83.7911195,0.0
10,34,25.4949643,84.7471642,0.0
10,35,24.5744154,84.1274944,0.0
10,36,23.1933436,82.9257484,0.0
10,37,21.8869634,82.9358574,0.0
10,38,20.5669914,82.5433157,0.0
10,39,20.0628127,81.4054322,0.0
10,40,19.3018727,81.0541986,0.0
10,41,17.3212475,80.8755156,0.0
10,42,16.4431118,80.0484303,0.0
10,43,16.9755886,79.5408448,0.0
10,44,17.1084031,79.0511403,0.0
10,45,16.2214768,79.0686702,0.0
10,46,15.0327087,78.1434515,0.0
10,47,14.3631255,76.9350967,0.0
10,48,13.7441673,75.9421147,0.0
10,49,13.0440819,76.4678932,0.0
10,50,12.0822408,77.2131758,0.0
10,51,12.1431342,77.4263762,0.0
10,52,12.8472299,77.1347972,0.0
10,53,14.1165536,75.1554492,0.0
10,54,13.6845839,74.7469487,0.0
10,55,13.9584809,73.1289082,0.0
10,56,15.4653106,72.7893994,0.0
10,57,15.2731134,71.9472703,0.0
10,58,13.660859,69.9493469,0.0
10,59,13.7260865,69.9327794,0.0
10,60,13.6591558,69.9734077,0.0
10,61,15.009999,70.3918579,0.0
10,62,16.7767406,70.3976867,0.0
10,63,18.8890399,70.4778028,0.0
10,64,20.021639,70.1176616,0.0
10,65,20.9097429,69.407946,0.0
10,66,22.4519499,68.2454525,0.0
10,67,23.246363,65.9380089,0.0
10,68,23.7540647,64.0526765,0.0
10,69,25.0726749,63.2459578,0.0
10,70,26.9741323,60.9775808,0.0
10,71,28.5837793,59.7241555,0.0
10,72,29.1363267,59.4299092,0.0
10,73,29.6019354,59.9629896,0.0
10,74,30.2355652,60.413841,0.0
10,75,30.8050955,60.5812816,0.0
10,76,30.8860754,60.3469325,0.0
10,77,32.4320821,60.3703648,0.0
10,78,32.6958857,59.7627023,0.0
10,79,33.4513699,58.524529,0.0
10,80,33.5748667,58.6660213,0.0
10,81,35.0000567,60.0126755,0.0
10,82,37.8141716,61.4077656,0.0
10,83,38.025185,61.4422753,0.0
10,84,37.8748452,61.440219,0.0
10,85,37.8097166,61.3452441,0.0
10,86,37.9189017,61.539006,0.0
10,87,37.8250835,61.3998251,0.0
10,88,37.892318,61.3597548,0.0
10,89,37.8673996,61.4180898,0.0
10,90,37.844365,61.3398279,0.0
10,91,37.8495973,61.4386511,0.0
10,92,39.7667665,59.9927937,0.0
10,93,41.533148,58.2551073,0.0
10,94,43.3939151,57.4333941,0.0
10,95,45.3625259,55.733302,0.0
10,96,47.4208914,55.8045326,0.0
10,97,48.9223438,55.5021018,0.0
10,98,51.6252101,54.3699131,0.0
10,99,53.8768984,52.0504304,0.0
10,100,56.6461223,50.6567758,0.0
10,101,58.950395,49.810645,0.0
10,102,61.5276993,48.1804403,0.0
10,103,64.3864911,47.977332,0.0
10,104,66.0036642,48.4777629,0.0
10,105,68.0361132,48.889025,0.0
10,106,69.6537954,47.6998741,0.0
10,107,72.3085898,47.0444618,0.0
10,108,72.3632991,47.066473,0.0
10,109,72.3283754,47.0184885,0.0
10,110,72.3421656,47.0522069,0.0
10,111,72.2919222,47.0672162,0.0
10,112,72.2546781,46.9875132,0.0
10,113,72.3154739,46.961777,0.0
10,114,72.3883084,47.0896368,0.0
10,115,72.9228583,47.7727551,0.0
10,116,72.9997564,47.7894242,0.0
10,117,72.9313237,47.7583093,0.0
10,118,72.9983986,47.8174313,0.0
10,119,72.9820748,47.8161672,0.0
10,120,72.9836594,47.6995567,0.0
10,121,72.9547487,47.8236681,0.0
10,122,72.8944001,47.9410002,0.0
10,123,72.9434076,47.8320738,0.0
10,124,73.2385931,45.2230313,0.0
10,125,72.9647594,43.5482059,0.0
10,126,73.2617792,41.0165037,0.0
10,127,73.6741263,38.8874708,0.0
10,128,75.4247491,36.5648938,0.0
10,129,74.8309314,35.1694988,0.0
10,130,74.0271102,32.0530565,0.0
10,131,73.7690142,31.7064565,0.0
10,132,72.1073902,29.9973064,0.0
10,133,72.4515917,27.1539973,0.0
10,134,72.8720122,24.9012411,0.0
10,135,71.5150145,22.9516485,0.0
10,136,71.1351101,22.1568479,0.0
10,137,70.2129958,21.6429847,0.0
10,138,67.8540249,19.671359,0.0
10,139,67.8788068,19.7678786,0.0
10,140,67.9534943,19.5573984,0.0
10,141,67.8341903,19.5520994,0.0
10,142,67.9231528,19.7060237,0.0
10,143,67.7990564,19.6796121,0.0
10,144,67.9818503,19.6385834,0.0
10,145,67.9012564,19.6308036,0.0
10,146,67.8362377,19.6160377,0.0
10,147,70.6153712,18.524353,0.0
10,148,73.9462911,17.9848698,0.0
10,149,77.1459533,15.5571599,0.0
10,150,80.6613696,15.8178461,0.0
10,151,82.6297765,16.294302,0.0
10,152,84.673515,16.7555549,0.0
10,153,86.3212944,17.1088799,0.0
10,154,91.3417262,16.9593042,0.0
10,155,94.9867602,17.0387575,0.0
10,156,96.5956329,17.2655313,0.0
10,157,99.194257,16.8033932,0.0
10,158,99.1488758,16.872848,0.0
10,159,101.954001,15.3159483,0.0
10,160,105.1074329,12.9810516,0.0
10,161,107.926022,10.856842,0.0
10,162,109.5310059,7.771379,0.0
10,163,110.8075359,4.8994879,0.0
10,164,111.9936746,2.3630971,0.0
10,165,113.7195615,0.3727233,0.0
4,0,30.8515645,20.2718117,0.0
4,1,32.9779889,21.9704244,0.0
4,2,34.2082628,23.2371406,0.0
4,3,35.1416856,24.5929441,0.0
4,4,36.1012019,25.4146234,0.0
4,5,36.9221728,26.474197,0.0
4,6,36.9206599,26.3702324,0.0
4,7,36.9753925,26.4123768,0.0
4,8,36.8500602,26.4506111,0.0
4,9,36.2515139,26.4170468,0.0
4,10,36.2407181,26.4403599,0.0
4,11,36.2965392,26.2834756,0.0
4,12,38.3097613,26.7563395,0.0
4,13,40.619317,25.9975229,0.0
4,14,42.707523,26.0385935,0.0
4,15,44.1676265,26.648553,0.0
4,16,46.0932203,27.1097328,0.0
4,17,47.9041304,27.8642981,0.0
4,18,48.6068305,28.7643169,0.0
4,19,49.2090678,29.9897983,0.0
4,20,50.009846,30.9581922,0.0
4,21,50.7720267,31.7368624,0.0
4,22,50.7835135,32.2489382,0.0
4,23,51.291741,32.9500166,0.0
4,24,52.0841266,34.0506848,0.0
4,25,52.6833001,35.2730428,0.0
4,26,52.0538554,36.1364683,0.0
4,27,52.6281561,36.8020506,0.0
4,28,53.1557848,37.7638167,0.0
4,29,53.4148706,38.9105268,0.0
4,30,53.7212006,40.6321624,0.0
4,31,55.8257331,42.9147575,0.0
4,32,57.2682942,43.8191276,0.0
4,33,59.334124,43.9719419,0.0
4,34,60.4845803,44.8358538,0.0
4,35,61.6493476,45.8842291,0.0
4,36,62.700389,47.0238068,0.0
4,37,63.2673249,48.1730237,0.0
4,38,64.2076381,49.5246678,0.0
4,39,65.3612136,50.7947818,0.0
4,40,66.9100039,52.020067,0.0
4,41,67.4225818,53.3768709,0.0
4,42,67.9347434,54.1616002,0.0
4,43,67.7831376,54.8271127,0.0
4,44,67.5299319,55.8423116,0.0
4,45,67.4987564,57.6476543,0.0
4,46,66.5735027,58.5234562,0.0
4,47,66.1554351,58.5260706,0.0
4,48,65.9599161,59.1974526,0.0
4,49,65.6169528,60.3393337,0.0
4,50,66.115019,61.5553242,0.0
4,51,67.1839226,62.9459818,0.0
4,52,68.0920061,63.8792301,0.0
4,53,67.2056088,64.8489025,0.0
4,54,66.9670285,64.8988387,0.0
4,55,66.3456831,65.4943019,0.0
4,56,65.1561135,65.9036241,0.0
4,57,64.5045253,66.8818574,0.0
4,58,64.5363773,66.8670965,0.0
4,59,64.4797435,66.8969098,0.0
4,60,64.5059125,66.8947328,0.0
4,61,64.5202308,66.8744096,0.0
4,62,64.503403,66.9214047,0.0
4,63,64.4094388,66.8468504,0.0
4,64,65.1214661,65.205846,0.0
4,65,65.551788,64.4707932,0.0
4,66,65.8709544,62.7113694,0.0
4,67,67.1170936,61.6277299,0.0
4,68,67.7473861,61.1098859,0.0
4,69,68.3902462,61.1760321,0.0
4,70,68.5973677,60.9294902,0.0
4,71,67.9937899,59.8023834,0.0
4,72,68.1266941,59.5906196,0.0
4,73,68.0323226,58.8838861,0.0
4,74,68.0275409,57.9628718,0.0
4,75,68.8130533,56.6576056,0.0
4,76,68.6203561,55.1100561,0.0
4,77,68.5858203,55.0705766,0.0
4,78,68.6908161,55.0319377,0.0
4,79,70.8395794,55.2134213,0.0
4,80,70.8630759,55.1537794,0.0
4,81,70.8845897,55.2547272,0.0
4,82,70.8801032,55.1417832,0.0
4,83,70.8454995,55.1409996,0.0
4,84,69.7938378,56.8995853,0.0
4,85,68.8013306,58.1648704,0.0
4,86,68.7931466,60.0699927,0.0
4,87,69.0208089,62.3215354,0.0
4,88,69.0094657,63.1821105,0.0
4,89,68.4724801,64.1035589,0.0
4,90,66.7730558,65.8642972,0.0
4,91,65.9456175,67.1288679,0.0
4,92,65.7605754,68.2877958,0.0
4,93,65.1684421,69.9970605,0.0
4,94,64.5007683,71.2961647,0.0
4,95,63.6258793,73.4589447,0.0
4,96,62.1673206,74.7256007,0.0
4,97,60.6715192,75.7768396,0.0
4,98,60.1976664,77.3373388,0.0
4,99,59.2044757,79.5048903,0.0
4,100,58.1823155,81.2207973,0.0
4,101,56.080598,82.3078666,0.0
4,103,52.9326062,85.6251713,0.0
4,104,50.4721335,88.0496659,0.0
4,106,48.1687877,91.2331046,0.0
4,107,44.7092465,95.9956739,0.0
4,108,41.5094862,97.7402166,0.0
4,109,38.5617834,99.1938088,0.0
4,110,35.7863694,100.5790628,0.0
4,111,33.0682521,102.6045903,0.0
4,112,30.045059,104.374546,0.0
4,113,27.024906,106.7093594,0.0
4,114,24.015398,109.2185616,0.0
4,115,21.0797873,111.8471521,0.0
4,116,19.1455185,113.2453544,0.0
4,117,17.7233818,115.0884083,0.0
4,118,16.2372164,117.0412408,0.0
4,119,14.9141853,118.0714633,0.0
4,120,13.4982973,119.2341388,0.0
4,121,12.0254073,119.7144144,0.0
4,122,10.8376179,120.2407531,0.0
4,123,9.3087566,121.0372723,0.0
4,124,8.4013513,122.6900557,0.0
4,125,6.4181586,123.9767222,0.0
4,126,4.6352787,126.5610363,0.0
4,128,12.6041737,126.8541647,0.0
4,129,14.0714346,125.5252349,0.0
4,130,15.5955412,123.2159237,0.0
4,131,16.9147459,121.4165564,0.0
4,132,16.9480932,119.8625946,0.0
4,133,16.9529013,119.8786658,0.0
4,134,15.3846828,121.9019149,0.0
4,135,13.8692614,122.9581833,0.0
4,136,12.100846,123.5255427,0.0
4,137,11.9631069,123.5041229,0.0
4,138,12.0434216,123.3624897,0.0
4,139,12.0437907,123.3970935,0.0
4,140,12.097153,123.514384,0.0
4,141,14.015514,124.1259942,0.0
4,142,16.3535559,124.2321432,0.0
4,143,17.7077745,123.9752165,0.0
4,144,18.460604,124.5127726,0.0
4,145,20.1432994,125.607627,0.0
4,146,20.0320147,125.6965782,0.0
4,147,20.0678646,125.5857437,0.0
4,148,20.0477041,125.5943801,0.0
4,149,20.0905047,125.6040512,0.0
4,150,20.0510381,125.6388957,0.0
4,151,20.1617405,125.6183617,0.0
4,152,20.0963202,125.5979242,0.0
4,153,20.1018094,125.6707326,0.0
4,154,20.0945127,125.5990441,0.0
4,155,19.8093163,123.3721749,0.0
4,156,18.8935078,120.9283243,0.0
4,157,18.9224924,120.9595882,0.0
4,158,18.912778,120.9848889,0.0
4,159,18.7373835,121.0438998,0.0
4,160,18.8792451,120.8848583,0.0
4,161,18.0594405,119.834463,0.0
4,162,17.9684923,119.8717678,0.0
4,163,18.0162888,119.8219375,0.0
4,164,18.003653,119.7245497,0.0
4,165,18.0676535,119.8884303,0.0
4,166,18.0727647,119.8089552,0.0
4,167,18.0529712,122.9290263,0.0
4,168,18.5465222,125.9241338,0.0
373,172,33.0962724,106.7089941,0.0
353,120,125.728608,65.5934063,0.0
353,121,123.0445515,64.9761017,0.0
353,122,121.1762418,66.8799164,0.0
353,123,119.5457774,68.2028099,0.0
353,124,117.6441106,67.1872243,0.0
353,125,116.9892319,67.5968162,0.0
353,126,116.1597009,68.1794955,0.0
353,127,114.2274854,68.3842437,0.0
353,128,112.6365899,68.4617235,0.0
353,129,110.9100705,70.1906603,0.0
353,130,109.0243031,70.8067552,0.0
353,131,108.1821873,70.3521836,0.0
353,132,107.4576541,70.9098497,0.0
353,133,104.9416237,73.2372001,0.0
353,134,102.6922599,73.9652154,0.0
353,135,100.1853654,73.9922186,0.0
353,136,98.9606329,74.1051885,0.0
353,137,97.9541198,74.0025135,0.0
353,138,96.0617306,75.350881,0.0
353,139,94.3644614,76.2533598,0.0
353,141,90.2874749,78.6757421,0.0
353,142,88.3679208,79.4521284,0.0
353,143,89.7928139,79.5659398,0.0
353,144,90.83707,79.4202728,0.0
353,145,93.0274822,79.1230054,0.0
353,146,94.9444275,79.4874135,0.0
353,147,96.2550415,80.2840425,0.0
353,148,97.9641163,81.0110313,0.0
353,149,99.7023668,81.0310237,0.0
353,150,100.4545237,81.8018652,0.0
353,151,101.6889108,82.5449659,0.0
353,152,102.934578,83.7719499,0.0
353,153,103.984053,84.3856615,0.0
353,154,105.3155733,85.1487842,0.0
353,155,106.8205491,85.4071748,0.0
353,156,108.1453458,85.7398977,0.0
353,157,108.951712,86.3207039,0.0
353,158,109.6641277,86.6272588,0.0
353,159,110.7293888,86.716026,0.0
353,160,111.9751605,87.0820227,0.0
353,161,112.9551558,87.0362967,0.0
353,162,113.9032394,87.8581389,0.0
353,163,114.6826262,88.7397819,0.0
353,164,115.0563332,88.9493445,0.0
353,165,115.9521141,88.558775,0.0
353,166,116.3153718,88.4945321,0.0
353,167,117.4104112,89.1556589,0.0
353,168,118.4458742,89.6421125,0.0
353,169,119.7350526,90.2652576,0.0
353,170,121.7059186,91.2197215,0.0
353,171,123.0728082,91.296471,0.0
353,172,124.4801231,92.1127033,0.0
353,173,126.2966637,93.0003066,0.0
354,122,1.0284206,40.9523943,0.0
354,123,3.0707625,40.0185829,0.0
354,124,4.9554041,39.9428741,0.0
354,125,7.0994543,39.926187,0.0
354,126,9.1693932,39.5855363,0.0
354,127,11.9750007,38.6664082,0.0
354,128,14.1028666,37.6477816,0.0
354,129,15.9806666,36.9113316,0.0
354,130,18.1612162,36.5885849,0.0
354,131,20.0308,36.0995136,0.0
354,132,21.9305693,35.4729279,0.0
354,133,24.6767964,35.2234695,0.0
354,134,27.2429237,35.6843126,0.0
354,135,29.9899061,36.1598727,0.0
354,136,32.9647166,36.5536762,0.0
354,137,35.4044228,36.5243812,0.0
354,138,35.3641637,36.5332658,0.0
354,139,35.4010317,36.4310847,0.0
354,140,35.3637866,36.5461578,0.0
354,141,35.4047459,36.5009589,0.0
354,142,35.3215729,36.6415691,0.0
354,143,35.3729624,36.6270437,0.0
354,144,35.4450004,36.6267476,0.0
354,145,35.3321722,36.4546026,0.0
354,146,35.2977655,36.4866847,0.0
354,147,35.3511411,36.5152053,0.0
354,148,35.3933908,36.4637546,0.0
354,149,35.2807664,36.543398,0.0
354,150,34.0242612,34.3411516,0.0
354,151,33.4883766,32.4635566,0.0
354,152,32.6574283,30.0866055,0.0
354,153,32.6920749,30.1312801,0.0
354,154,32.7837583,30.1560067,0.0
354,155,32.563611,30.1733664,0.0
354,156,32.7263222,30.1079859,0.0
354,157,32.7125306,29.9954112,0.0
354,158,30.9340924,31.0685794,0.0
354,159,28.8678254,32.1328448,0.0
354,160,26.2934042,33.0706803,0.0
354,161,24.0243454,34.408835,0.0
354,162,22.1433116,34.9188735,0.0
354,163,19.7870595,35.6801872,0.0
354,164,17.8734701,36.2926993,0.0
354,165,16.1560815,36.848632,0.0
354,166,14.7016984,36.7249654,0.0
354,167,12.3840749,37.2630378,0.0
354,168,9.9034696,38.2717814,0.0
354,169,8.280919,39.5382873,0.0
354,170,6.9530654,40.0985638,0.0
354,171,5.093275,40.96471,0.0
354,172,3.868621,41.846064,0.0
354,174,0.3646201,43.910086,0.0
374,180,32.0009498,65.9480555,0.0
340,78,80.7181545,127.0,0.0
340,79,78.6333603,126.8102609,0.0
340,80,75.9771764,127.0,0.0
340,81,75.0089749,126.5577646,0.0
340,82,73.5415153,126.2152436,0.0
340,83,71.9778737,125.0894764,0.0
340,84,70.8291106,124.2479728,0.0
340,85,69.5140649,122.8214981,0.0
340,86,68.6897994,122.8998589,0.0
340,87,66.8279604,121.521685,0.0
340,88,67.212085,122.0145595,0.0
340,89,66.3131808,121.2270051,0.0
340,90,65.4903923,120.0701204,0.0
340,91,65.9189501,118.6065975,0.0
340,92,64.7656314,118.3503088,0.0
340,93,63.4687372,118.8548374,0.0
340,94,62.6691914,118.7943391,0.0
340,95,62.8187971,117.4950534,0.0
340,96,62.6022522,117.3186904,0.0
340,97,61.3268525,117.5838205,0.0
340,98,61.0136679,115.8124454,0.0
340,99,60.6724714,114.8025398,0.0
340,100,59.074328,115.1826495,0.0
340,101,57.0155626,115.4686876,0.0
340,102,55.3341022,114.2008738,0.0
340,103,53.852283,114.1426051,0.0
340,104,53.4006198,112.992558,0.0
340,105,52.111302,112.936405,0.0
340,106,51.8146572,113.3923811,0.0
340,107,50.8500365,113.1559014,0.0
340,108,48.2630819,114.4992493,0.0
340,109,45.5327076,114.12043,0.0
340,110,45.4833876,113.9917182,0.0
340,111,46.4785332,113.6481343,0.0
340,112,45.9453722,114.5412947,0.0
340,113,46.3921748,115.1923054,0.0
340,114,47.1165314,115.6466881,0.0
340,115,46.7997371,115.9960418,0.0
340,116,46.8557167,116.1256045,0.0
340,117,46.8643198,118.0541701,0.0
340,118,47.4143612,120.0812422,0.0
340,119,47.1123741,120.2033748,0.0
340,120,46.3655747,119.4591046,0.0
340,121,46.5181076,118.8169462,0.0
340,122,47.0507493,117.8970308,0.0
340,123,47.0004581,116.0078972,0.0
340,124,46.9942459,115.0078323,0.0
340,125,46.8045783,112.1495545,0.0
340,126,45.7196889,110.2258794,0.0
340,127,44.7909847,109.1836194,0.0
340,128,45.5841205,107.2844713,0.0
340,129,45.9417044,104.2737885,0.0
340,130,46.4341929,102.6833409,0.0
340,131,46.9264941,101.193156,0.0
340,132,47.1052193,100.1978906,0.0
340,133,47.7986394,98.8185052,0.0
340,134,47.6476573,97.956276,0.0
340,135,48.7626245,97.7047011,0.0
340,136,48.5591818,96.6587399,0.0
340,137,47.9352428,96.8158123,0.0
340,138,48.3788099,95.6419151,0.0
340,139,48.4416257,95.1901605,0.0
340,140,48.8434503,95.4593024,0.0
340,141,47.9463827,94.4008797,0.0
340,142,47.5144566,93.5488647,0.0
340,143,47.6675899,93.559093,0.0
340,144,47.5951836,93.5932042,0.0
340,145,47.5608649,93.5978144,0.0
340,146,47.5399113,93.5268904,0.0
340,147,47.6160803,93.6254765,0.0
340,148,47.6180467,93.5666555,0.0
340,149,47.5480151,93.6111738,0.0
340,150,46.8371335,92.8592924,0.0
340,151,46.8471457,92.9357413,0.0
340,152,46.8214311,92.9596716,0.0
340,153,46.8013695,92.873147,0.0
340,154,46.9211594,92.8569432,0.0
340,155,46.9145973,92.9594496,0.0
340,156,48.3986555,91.9516954,0.0
340,157,48.3415314,92.0731982,0.0
340,158,48.2680311,91.9799255,0.0
340,159,48.2618175,92.0975669,0.0
340,160,48.3184088,92.0221066,0.0
340,161,48.2739597,92.0142476,0.0
340,162,48.25988,92.0698175,0.0
340,163,48.2157192,92.0806966,0.0
340,164,48.2257901,91.9662673,0.0
340,165,48.1512013,91.9233097,0.0
340,166,46.6605646,93.9356007,0.0
340,167,45.4232014,96.7261591,0.0
340,168,44.3376539,98.5384837,0.0
340,169,42.1363691,100.0199112,0.0
340,170,40.0073725,101.6140365,0.0
340,171,36.5699983,102.4835105,0.0
340,172,33.9525499,104.0455831,0.0
340,173,32.0186142,106.8305178,0.0
340,175,29.5769723,109.0878293,0.0
340,176,28.1392177,110.7100206,0.0
340,177,27.5853804,112.4345041,0.0
340,178,26.6019476,114.7969928,0.0
340,179,25.6646957,116.1057826,0.0
340,180,23.2576547,117.3477442,0.0
340,181,19.8240234,119.7938324,0.0
340,182,17.2709218,121.3620485,0.0
340,183,13.9035302,123.0153314,0.0
340,184,11.6006738,124.6611338,0.0
340,185,8.9508145,126.7843906,0.0
3,0,88.2364391,85.697201,0.0
3,1,87.4969089,85.8162005,0.0
3,2,87.232605,85.4814517,0.0
3,3,86.9937862,85.3340395,0.0
3,4,87.5878295,85.5703769,0.0
3,5,89.097644,85.4186683,0.0
3,6,90.4773799,85.6412879,0.0
3,7,88.9802239,84.2760573,0.0
3,8,88.8440048,84.366943,0.0
3,9,89.6092088,84.6082058,0.0
3,10,88.5184348,83.3106329,0.0
3,11,88.7217093,83.1406194,0.0
3,12,88.7543148,82.8606592,0.0
3,13,89.2499548,81.5350607,0.0
3,14,90.071478,79.9492314,0.0
3,15,90.8099103,78.9754065,0.0
3,16,90.9321658,78.0167549,0.0
3,17,91.2061437,76.9562096,0.0
3,18,91.3268237,75.8715487,0.0
3,19,91.7297674,75.7041871,0.0
3,20,92.9485118,74.0222766,0.0
3,21,91.8342207,72.8519278,0.0
3,22,92.1207016,72.7873644,0.0
3,23,91.355164,71.9714568,0.0
3,24,91.2955674,72.0086688,0.0
3,25,91.310162,71.9809134,0.0
3,26,91.2852505,71.9980488,0.0
3,27,91.2486264,71.9148091,0.0
3,28,91.2161536,71.9662579,0.0
3,29,90.3637106,73.3609315,0.0
3,30,90.5481962,73.3862959,0.0
3,31,88.3595582,74.0645973,0.0
3,32,87.027727,74.152821,0.0
3,33,87.0104262,74.1306958,0.0
3,34,87.0543872,74.1700216,0.0
3,35,87.0142241,74.2771325,0.0
3,36,87.0977976,74.1802369,0.0
3,37,87.041434,74.1068079,0.0
3,38,87.092932,74.1750757,0.0
3,39,87.0423629,74.1617644,0.0
3,40,86.9947286,74.0932654,0.0
3,41,85.4608161,75.2826717,0.0
3,42,83.1523571,75.9225618,0.0
3,43,81.2798301,77.1013237,0.0
3,44,79.1170897,78.4566773,0.0
3,45,77.6285172,79.7527371,0.0
3,46,76.5736547,80.7132651,0.0
3,47,75.6699807,81.5353138,0.0
3,48,74.1853584,81.9737953,0.0
3,49,73.1805458,82.3442643,0.0
3,50,72.2743552,83.4719692,0.0
3,51,71.8632345,84.1522026,0.0
3,52,71.3640641,84.8827622,0.0
3,53,71.3348719,84.9618272,0.0
3,54,71.4169677,84.8251331,0.0
3,55,71.0254232,84.8858525,0.0
3,56,70.9727711,84.6439481,0.0
3,57,71.1474285,84.5222505,0.0
3,58,71.0657047,84.9644338,0.0
3,59,70.8961064,85.0115702,0.0
3,60,70.5641632,85.8784709,0.0
3,61,70.169843,87.1172989,0.0
3,62,71.0464441,88.7864706,0.0
3,63,72.1192618,89.0460912,0.0
3,64,72.0894681,89.0375497,0.0
3,65,72.1255563,89.0334243,0.0
3,66,72.1125448,88.8010791,0.0
3,67,71.9825841,89.3076415,0.0
3,68,71.9053214,89.1610266,0.0
3,69,71.9456588,89.2649824,0.0
3,70,71.8999708,89.2954379,0.0
3,71,71.0214137,89.0999496,0.0
3,72,71.0160179,89.2555096,0.0
3,73,70.9062893,89.1130017,0.0
3,74,70.9736273,89.3313312,0.0
3,75,70.9286873,89.3110631,0.0
3,76,70.9594669,89.2577521,0.0
3,77,70.9899811,89.1991084,0.0
3,78,67.6375998,88.3064989,0.0
3,79,64.5828825,88.3954716,0.0
3,80,60.9151803,88.9039993,0.0
3,81,58.0553926,89.3305984,0.0
3,82,55.9769637,90.1270357,0.0
3,83,54.519384,90.6439027,0.0
3,84,53.0228418,91.5680657,0.0
3,85,49.9653923,92.9980122,0.0
3,86,47.3276523,93.9613134,0.0
3,87,45.5018284,93.0281851,0.0
3,88,44.4757676,91.9863721,0.0
3,89,43.0535961,92.7107077,0.0
3,90,42.0123599,93.0640854,0.0
3,91,41.6462944,92.976453,0.0
3,92,40.3239942,93.6989978,0.0
3,93,39.0424311,93.8495397,0.0
3,94,36.9048454,92.7492738,0.0
3,95,35.1079223,92.2192516,0.0
3,96,33.2376376,92.7754573,0.0
3,97,32.0956498,93.2631654,0.0
3,98,30.8109397,94.2521061,0.0
3,99,30.8112626,94.1719347,0.0
3,100,30.8531314,94.2338086,0.0
3,101,31.1684361,95.2402703,0.0
3,102,31.2517005,95.2947913,0.0
3,103,31.1733064,95.3534486,0.0
3,104,31.1616502,95.3076481,0.0
3,105,29.9729979,95.9922753,0.0
3,106,29.1216215,96.8559243,0.0
3,107,29.234429,96.8895958,0.0
3,108,29.2011307,96.9606775,0.0
3,109,30.5132971,96.035872,0.0
3,110,31.1596873,94.9645054,0.0
3,111,31.5357924,94.9286944,0.0
3,112,32.6378893,95.2207162,0.0
3,113,32.7562213,95.2818354,0.0
3,114,32.1784161,95.8585102,0.0
3,115,32.0862891,95.8371847,0.0
3,116,32.0188036,95.8616451,0.0
3,117,32.0810222,95.8169898,0.0
3,118,32.1361474,95.9435711,0.0
3,119,32.1445605,95.8522708,0.0
3,120,32.089433,95.8674643,0.0
3,121,32.0103049,95.8071894,0.0
3,122,32.1113963,95.8205046,0.0
3,123,32.154062,95.9622696,0.0
3,124,32.1616418,95.7514428,0.0
3,125,32.189561,95.9125917,0.0
3,126,31.1299468,95.7608733,0.0
3,127,30.413572,96.3188635,0.0
3,128,29.5487439,96.3787932,0.0
3,129,29.4056988,96.337842,0.0
3,130,30.3122471,96.8807255,0.0
3,131,30.8098445,97.4685509,0.0
3,132,31.4312988,98.4668784,0.0
3,133,32.168148,100.0600209,0.0
3,134,33.8752722,100.784406,0.0
3,135,34.4057169,101.98798,0.0
3,136,35.4040288,102.7665108,0.0
3,137,36.4598153,102.1037284,0.0
3,138,36.7247495,101.9027636,0.0
3,139,37.5220095,102.4142119,0.0
3,140,37.9465898,104.0022461,0.0
3,141,39.0197218,105.5600602,0.0
3,142,38.9213852,107.1444201,0.0
3,143,38.917156,108.4716565,0.0
3,144,38.8368354,109.5069191,0.0
3,145,38.8870604,110.0813986,0.0
3,146,38.2250237,111.8474832,0.0
3,147,38.3423146,111.7688752,0.0
3,148,38.270527,111.9340716,0.0
3,149,37.9161692,113.0095507,0.0
3,150,37.7825488,113.0232486,0.0
3,151,37.7643276,113.0045824,0.0
3,152,37.7502843,113.0961121,0.0
3,153,37.8441129,113.002081,0.0
3,154,39.9353053,113.9063491,0.0
3,155,40.6223581,113.4326632,0.0
3,156,41.1539611,113.2766131,0.0
3,157,42.6901806,113.9578688,0.0
3,158,44.6474254,113.5503023,0.0
3,159,44.6414893,113.543423,0.0
3,160,44.6702606,113.5532309,0.0
3,161,44.6090926,113.5574741,0.0
3,162,44.5399913,113.4693749,0.0
3,163,43.961927,113.0311222,0.0
3,164,43.3533114,112.5589948,0.0
3,165,42.7019663,111.6024197,0.0
3,166,42.1503753,110.5895773,0.0
3,167,40.972876,109.970311,0.0
3,168,39.8375661,109.1375706,0.0
3,169,37.5769631,108.071924,0.0
3,170,35.8817956,107.4435371,0.0
3,171,34.416851,106.8516144,0.0
3,172,33.0835961,106.7738295,0.0
3,173,32.0186142,106.8305178,0.0
3,174,30.6993337,107.3047504,0.0
3,175,28.514005,106.1658637,0.0
3,176,26.9283812,106.1943606,0.0
3,177,26.1188595,107.087344,0.0
3,178,24.7687096,108.1494624,0.0
3,179,23.7018529,108.0657926,0.0
3,180,22.1433067,107.9241473,0.0
3,181,20.0792711,107.9820521,0.0
3,182,18.575624,107.8312666,0.0
3,183,17.5469209,107.7666263,0.0
3,184,15.8814304,108.1186914,0.0
3,185,13.9756539,108.0434079,0.0
3,186,12.8436266,107.913515,0.0
3,187,11.2317985,108.0180834,0.0
3,188,9.0914031,108.3024023,0.0
3,189,8.8234202,108.826387,0.0
3,190,7.3555993,109.0333325,0.0
3,191,5.4106055,109.1871055,0.0
3,192,3.4357297,109.1833296,0.0
3,193,1.9006259,108.9692631,0.0
13,0,82.4146332,86.3849969,0.0
13,1,81.310725,86.5894302,0.0
13,2,79.4918955,86.6772385,0.0
13,3,77.2063187,87.3742809,0.0
13,4,75.1678284,87.4448289,0.0
13,5,75.1917705,87.2801557,0.0
13,6,75.1924954,87.2724196,0.0
13,7,75.1666438,87.2333393,0.0
13,8,75.1280363,87.3765272,0.0
13,9,75.1794269,87.3293896,0.0
13,10,75.1215377,87.3260277,0.0
13,11,75.1556318,87.3987577,0.0
13,12,75.2627723,87.3155629,0.0
13,13,75.149014,87.426278,0.0
13,14,75.1531841,87.2603765,0.0
13,15,75.6117038,85.4470214,0.0
13,16,75.4719962,85.34577,0.0
13,17,75.4471012,85.5401001,0.0
13,18,75.6472094,85.459736,0.0
13,19,75.5517695,85.5027964,0.0
13,20,75.5008782,85.3734179,0.0
13,21,75.4781294,85.4483724,0.0
13,22,75.4974675,85.3550899,0.0
13,23,76.3796154,82.4357416,0.0
13,24,77.2603241,79.8314262,0.0
13,25,77.2925928,76.7600727,0.0
13,26,77.9758814,73.7644024,0.0
13,27,78.6919702,71.358231,0.0
13,28,79.0929629,68.839987,0.0
13,29,80.2057288,66.186343,0.0
13,30,80.6545235,63.002657,0.0
13,31,80.827756,59.7589998,0.0
13,32,80.5746674,56.3850038,0.0
13,33,80.5805501,53.2304492,0.0
13,34,80.7469974,53.2799042,0.0
13,35,80.5790657,53.2141019,0.0
13,36,80.6477301,53.2468015,0.0
13,37,79.5050056,53.4987273,0.0
13,38,79.5099801,53.5126835,0.0
13,39,79.3862446,53.5169855,0.0
13,40,79.4663952,53.4648404,0.0
13,41,79.5491842,53.5340166,0.0
13,42,79.4986325,53.6236898,0.0
13,43,77.9432103,54.705823,0.0
13,44,75.8861271,55.7582313,0.0
13,45,75.8302549,55.769304,0.0
13,46,75.7882965,55.8755107,0.0
13,47,75.7700254,55.7608803,0.0
13,48,76.3094668,56.8650182,0.0
13,49,77.0394854,55.7986495,0.0
13,50,77.0194915,55.8816911,0.0
13,51,77.0499706,55.8265103,0.0
13,52,77.0052507,55.8803118,0.0
13,53,77.7359437,58.3338937,0.0
13,54,77.8003869,60.5508803,0.0
13,55,77.8200247,62.6634346,0.0
13,56,78.1446237,64.027038,0.0
13,57,78.3555781,66.149334,0.0
13,58,79.4095061,67.7779912,0.0
13,59,80.3010641,69.4837292,0.0
13,60,81.1680376,70.9595806,0.0
13,61,82.7885166,72.1682938,0.0
13,62,84.1014638,73.3523593,0.0
13,63,84.24279,75.1797777,0.0
13,64,84.0449497,77.1859428,0.0
13,65,85.1003351,79.6208682,0.0
13,66,85.2753661,81.9008256,0.0
13,67,85.5903263,84.393029,0.0
13,68,85.8083092,87.0949945,0.0
13,69,85.5048561,89.5604638,0.0
13,70,85.343351,91.9112279,0.0
13,71,85.9516024,93.7212109,0.0
13,72,85.4708137,96.7221453,0.0
13,73,84.6655566,98.2641651,0.0
13,74,84.7258179,99.239123,0.0
13,75,85.9132564,102.8077301,0.0
13,76,85.8024317,102.7799062,0.0
13,77,85.8340416,102.6824111,0.0
13,78,85.8493821,102.7899936,0.0
13,79,85.8968466,103.0270474,0.0
13,80,85.3235746,101.988663,0.0
13,81,86.0381635,102.7089891,0.0
13,82,86.3008071,103.3475326,0.0
13,83,86.50527,103.2187679,0.0
13,84,86.9775969,103.6531618,0.0
13,85,86.8677092,102.6475762,0.0
13,86,86.8618784,102.554191,0.0
13,87,86.8735049,102.5918891,0.0
13,88,86.8173968,102.4667371,0.0
13,89,86.8834908,102.4247724,0.0
13,90,86.8115142,102.5384192,0.0
13,91,86.9168162,102.4266857,0.0
13,92,87.7931387,101.8413981,0.0
13,93,88.7919234,101.5069844,0.0
13,94,89.4635782,101.1084168,0.0
13,95,89.7188989,100.3880443,0.0
13,96,89.9270624,100.4678887,0.0
13,97,90.6702034,100.6982003,0.0
13,98,91.9508875,101.1005785,0.0
13,99,91.4656442,101.6127834,0.0
13,100,92.1172526,102.3646181,0.0
13,101,92.8721174,103.1815929,0.0
13,102,93.8930005,103.5776971,0.0
13,103,94.1035013,103.2010126,0.0
13,104,94.8941871,103.1050292,0.0
13,105,95.2145017,103.5575271,0.0
13,106,95.8836763,102.7337491,0.0
13,107,97.002174,102.699983,0.0
13,108,97.2464851,102.6437755,0.0
13,109,97.0006304,102.8056737,0.0
13,110,96.3182474,103.2746537,0.0
13,111,95.677723,103.9880458,0.0
13,112,95.0981056,104.9309172,0.0
13,113,95.637851,106.0965249,0.0
13,114,95.6630283,106.108863,0.0
13,115,95.6782112,106.1491789,0.0
13,116,98.1555567,106.7262827,0.0
13,117,100.5223799,107.6163937,0.0
13,118,103.0195482,109.1641044,0.0
13,119,105.0703433,109.6415654,0.0
13,120,106.285616,110.409274,0.0
13,121,106.2758358,110.458132,0.0
13,122,106.2736069,110.4228552,0.0
13,123,106.2872421,110.4527146,0.0
13,124,106.3471387,110.3797642,0.0
13,125,106.3151355,110.4014888,0.0
13,126,106.136439,110.4814782,0.0
13,127,107.2334749,110.387069,0.0
13,128,107.1736254,109.8187574,0.0
13,129,106.7691965,109.3648136,0.0
13,130,106.1107287,109.8010733,0.0
13,131,106.1178266,109.8371687,0.0
13,132,104.7457545,110.061528,0.0
13,133,104.65945,110.0611264,0.0
13,134,104.7728343,110.0044807,0.0
13,135,104.7181754,110.0440638,0.0
13,136,106.6448609,108.4540825,0.0
13,137,106.7060451,108.576156,0.0
13,138,106.5667846,108.4703686,0.0
13,139,106.5461756,108.4934159,0.0
13,140,106.6674383,108.5465681,0.0
13,141,106.574508,108.5804349,0.0
13,142,106.6107015,108.5747187,0.0
13,143,106.7210581,108.5319746,0.0
13,144,107.9768611,107.4222474,0.0
13,145,109.2304481,106.3164899,0.0
13,146,111.0220908,105.7691739,0.0
13,147,113.0338103,105.419415,0.0
13,148,113.1859771,105.2310973,0.0
13,149,112.9769603,105.26901,0.0
13,150,113.050459,105.3527727,0.0
13,151,113.0546354,105.2971772,0.0
13,152,113.0710793,105.2605079,0.0
13,153,113.093904,105.3902048,0.0
13,154,112.9020724,103.7964068,0.0
13,155,113.3027666,101.8140891,0.0
13,156,113.7880002,99.9300249,0.0
13,157,113.7453542,97.7405106,0.0
13,158,113.8458502,96.4203949,0.0
13,159,114.1269807,94.7372518,0.0
13,160,114.3055266,92.7821645,0.0
13,161,114.5424312,92.1782702,0.0
13,162,114.5008426,92.1941843,0.0
13,163,114.1407917,92.0858315,0.0
13,164,113.4656697,92.5526273,0.0
13,165,112.7579339,92.4950235,0.0
13,166,114.1479012,93.0839946,0.0
13,167,114.6657315,92.749607,0.0
13,168,114.6638954,92.7412257,0.0
13,169,114.3955667,92.0891757,0.0
13,170,114.4802187,91.9557446,0.0
13,171,114.4538529,92.088104,0.0
13,172,114.4506265,92.0068052,0.0
13,173,114.4941422,92.118168,0.0
13,174,114.3237531,92.0284457,0.0
13,175,114.4469279,92.0262304,0.0
13,176,116.056509,90.8003987,0.0
13,177,117.4585017,89.8668641,0.0
13,178,119.0603194,89.7693684,0.0
13,179,120.7518805,89.9171713,0.0
13,180,122.1369606,89.515682,0.0
13,181,123.4324688,89.3328062,0.0
13,182,123.4251141,89.40573,0.0
13,183,123.3130929,89.3131197,0.0
13,184,123.3241548,89.3923506,0.0
13,185,123.3454711,89.3894404,0.0
13,186,123.3569713,89.1815727,0.0
13,187,123.4383596,89.2582718,0.0
13,188,123.9892916,87.67673,0.0
13,189,123.9797259,87.7532083,0.0
13,190,123.9887393,87.7040764,0.0
13,191,124.0499031,87.7395222,0.0
13,192,123.9453375,87.8045845,0.0
13,193,125.0686589,87.735018,0.0
13,194,126.2483663,87.6915146,0.0
13,195,126.714724,87.3381772,0.0
13,196,126.8336898,87.1796879,0.0
365,139,88.2016285,0.4342355,0.0
365,140,88.9871685,2.4293708,0.0
365,141,90.0159224,4.1675477,0.0
365,142,90.4408893,6.7343905,0.0
365,143,90.109938,8.937578,0.0
365,144,90.9842346,11.1545755,0.0
365,145,91.4567352,12.4533524,0.0
365,146,92.0740122,12.5969038,0.0
365,147,93.2535415,12.2756812,0.0
365,148,94.2442989,12.1033011,0.0
365,149,93.9568879,13.1339979,0.0
365,150,93.5846561,13.8519813,0.0
365,151,93.0185539,14.4195803,0.0
365,152,93.1644391,15.3698632,0.0
365,153,92.3721443,15.9394297,0.0
365,154,91.3417262,16.9593042,0.0
365,155,91.6679678,17.0172836,0.0
365,156,91.7453841,16.8903502,0.0
365,157,91.6460703,17.0080368,0.0
365,158,91.6382275,16.9905176,0.0
365,159,91.6222299,17.0084566,0.0
365,160,91.6802971,16.9634142,0.0
365,161,91.6974804,16.8841839,0.0
365,162,90.9494096,15.4596545,0.0
365,163,91.3446503,15.4387983,0.0
365,164,91.9639767,15.3293608,0.0
365,165,92.9068922,15.4089885,0.0
365,166,93.0646855,16.099318,0.0
365,167,93.4408184,17.3992795,0.0
365,168,94.2786798,17.8061082,0.0
365,169,94.5983182,17.9659359,0.0
365,170,93.8625756,17.538232,0.0
365,171,93.0689572,16.433431,0.0
365,172,91.9300471,15.9423077,0.0
365,173,91.0176443,14.9484281,0.0
365,174,90.8034959,15.6000002,0.0
365,175,90.2570018,16.0207337,0.0
365,176,89.8415877,16.9282307,0.0
365,177,88.698344,17.9612179,0.0
365,178,87.5659753,18.3566989,0.0
365,179,88.0253609,19.3935015,0.0
365,180,88.5087385,19.160865,0.0
365,181,87.8817546,19.627443,0.0
365,182,86.3733374,20.7007075,0.0
365,183,85.8080858,20.4379189,0.0
365,184,86.372235,19.5112304,0.0
365,185,86.1577889,19.897557,0.0
365,186,86.42131,20.1616999,0.0
365,187,86.7964631,20.1383422,0.0
365,188,87.1591635,19.859908,0.0
365,189,87.8661428,19.9627977,0.0
365,190,88.7354286,20.5191406,0.0
365,192,90.176084,18.2791193,0.0
365,193,88.9277292,18.1450348,0.0
365,194,87.7516187,17.8484843,0.0
365,195,86.4621282,17.5540528,0.0
365,196,84.9940981,17.5165819,0.0
365,197,83.8520835,17.4930297,0.0
365,198,82.1515438,17.2676427,0.0
365,199,81.0208269,17.2453566,0.0
311,23,94.5211118,73.0799565,0.0
311,24,95.9869522,72.2569738,0.0
311,25,95.9547234,72.2790231,0.0
311,26,96.0023542,72.3405758,0.0
311,27,95.9448437,72.2499288,0.0
311,28,95.9967246,72.2730572,0.0
311,29,93.1479318,69.9977151,0.0
311,30,89.923922,68.0094317,0.0
311,31,89.9839317,67.8193989,0.0
311,32,89.984318,67.8867368,0.0
311,33,89.9495226,67.8937729,0.0
311,34,90.0077623,67.9555485,0.0
311,35,89.9087808,67.9227647,0.0
311,36,89.0084804,66.0157301,0.0
311,37,89.0578626,66.0682012,0.0
311,38,88.9712516,66.0024148,0.0
311,39,89.0219423,66.0382462,0.0
311,40,88.9697752,66.1375652,0.0
311,41,89.1220162,65.9793756,0.0
311,42,89.0632987,66.0334494,0.0
311,43,89.0144877,66.0556907,0.0
311,44,89.1289977,65.9898094,0.0
311,45,89.037812,66.0300248,0.0
311,46,84.9028897,62.6435849,0.0
311,47,80.9655758,60.1109974,0.0
311,49,72.6585776,55.9605944,0.0
311,50,67.9928732,53.2402798,0.0
311,51,64.5696686,50.633272,0.0
311,52,60.9195091,48.1447982,0.0
311,54,52.4282202,43.4293235,0.0
311,55,48.2958654,40.2815047,0.0
311,56,43.9188963,37.1028413,0.0
311,57,40.5799309,34.5173818,0.0
311,58,36.81683,31.9155561,0.0
311,59,33.3898581,28.2042032,0.0
311,60,29.6068557,25.0883667,0.0
311,61,25.941266,22.3378616,0.0
311,62,21.8751928,19.5183667,0.0
311,63,17.0126014,16.5794814,0.0
311,64,12.1316851,13.7988274,0.0
311,65,8.0550308,11.4969273,0.0
311,66,8.1380711,11.4314678,0.0
311,67,8.04898,11.3860492,0.0
311,68,8.1132582,11.4099174,0.0
311,69,6.7658621,12.5012403,0.0
311,70,7.714743,11.6721372,0.0
311,71,7.7342372,11.7183138,0.0
311,72,7.8537944,11.8057949,0.0
311,73,7.8505807,11.8302233,0.0
311,74,7.9305369,11.6480597,0.0
311,75,7.0533529,13.0375164,0.0
311,76,7.0843787,13.1081997,0.0
311,77,7.0579414,13.5800635,0.0
311,78,7.1463162,13.6412006,0.0
311,79,7.5513381,15.2100707,0.0
311,80,7.2184716,13.9101147,0.0
311,81,6.9441351,13.2180696,0.0
311,83,5.9489885,12.7410385,0.0
311,84,7.5072846,11.3921722,0.0
311,85,9.3787026,11.2609796,0.0
311,86,12.5208401,10.9990846,0.0
311,87,12.6269334,10.9934147,0.0
311,88,12.565711,10.9676135,0.0
311,89,12.3398003,11.0075462,0.0
311,90,11.2871943,10.5984561,0.0
311,91,11.1815539,11.0070279,0.0
311,92,11.556282,12.3462578,0.0
311,93,11.7895185,12.6483106,0.0
311,94,11.8800539,12.7872615,0.0
311,95,11.7792302,12.7507987,0.0
311,96,11.8641145,12.7782715,0.0
311,97,11.8568949,12.8979021,0.0
311,98,11.8439207,12.7600299,0.0
311,99,11.9626835,12.7373638,0.0
311,100,11.8680033,12.763555,0.0
311,101,11.8875948,12.8331148,0.0
311,102,11.9665739,12.6705345,0.0
311,103,11.9234628,12.7936402,0.0
311,104,11.9019876,12.7788653,0.0
311,105,11.8362425,12.7801707,0.0
311,106,12.0908582,12.9879486,0.0
311,107,11.8075258,12.8114466,0.0
311,108,11.8259933,12.831142,0.0
311,109,11.8251436,12.7733602,0.0
311,110,11.9313279,12.7843472,0.0
311,111,11.867759,12.8013235,0.0
311,112,11.8175641,12.8455305,0.0
311,113,10.8512583,13.9907708,0.0
311,114,10.4139447,15.5217631,0.0
311,115,9.890288,16.9497891,0.0
311,116,9.9885169,17.7894258,0.0
311,117,9.6522966,17.9052019,0.0
311,118,8.5677323,17.9902695,0.0
311,119,8.8331157,17.9016935,0.0
311,120,8.2211006,18.1263374,0.0
311,121,8.7698407,18.6703773,0.0
311,122,8.141046,19.9107928,0.0
311,123,7.9038123,21.2773963,0.0
311,124,7.8300265,21.752889,0.0
311,125,8.2409109,22.0510988,0.0
311,126,8.250285,23.1495195,0.0
311,127,8.8597654,24.021454,0.0
311,128,8.586387,25.5876484,0.0
311,129,7.8648474,27.4433879,0.0
311,130,7.2853413,28.4564234,0.0
311,131,7.0833154,30.0731559,0.0
311,132,6.7357592,31.8528783,0.0
311,133,6.2074528,33.8381533,0.0
311,134,6.6367342,35.2821737,0.0
311,135,6.7096453,37.2703284,0.0
311,136,7.07473,39.0034808,0.0
311,137,6.7899854,40.3723333,0.0
311,138,6.6246709,41.5523236,0.0
311,139,6.8975715,43.2900671,0.0
311,140,6.2010681,45.2001302,0.0
311,141,6.0065457,46.8234064,0.0
311,142,5.5880485,49.3223859,0.0
311,143,4.8797306,51.4895653,0.0
311,144,3.9976658,53.451036,0.0
311,145,3.0719187,56.0681704,0.0
311,146,2.394454,57.8771512,0.0
311,147,1.0975215,59.3859282,0.0
311,148,0.5261355,60.8414087,0.0
311,149,0.5095123,60.8849921,0.0
311,150,0.5839965,60.9162652,0.0
311,151,0.6111559,60.9762956,0.0
311,152,1.4707499,58.1966452,0.0
311,153,2.0857764,56.1588643,0.0
311,154,2.1661655,54.7142051,0.0
311,155,2.9568291,51.9912788,0.0
311,156,3.2084295,50.0140855,0.0
311,157,3.2969571,48.4755393,0.0
311,158,3.2048448,47.0979085,0.0
311,159,2.5886977,45.7073594,0.0
311,160,2.533022,44.3220985,0.0
311,161,2.8754001,43.0280231,0.0
311,162,2.7697658,41.8058089,0.0
311,163,2.8863905,40.7284856,0.0
311,164,2.5451845,39.2426492,0.0
311,165,2.4039095,37.2125674,0.0
311,166,1.6445379,36.7985639,0.0
311,167,1.2796489,35.5943777,0.0
311,168,1.1170973,34.3830063,0.0
311,169,1.1590586,34.3275052,0.0
311,170,1.1476185,34.3039817,0.0
311,171,1.0543373,34.301269,0.0
311,172,1.1553802,34.3333772,0.0
311,173,1.149575,34.350836,0.0
311,174,1.1369046,34.3669909,0.0
311,175,1.018282,34.2839586,0.0
311,176,1.0195842,34.3708878,0.0
311,177,1.1041228,34.3959383,0.0
311,178,4.00493,37.25139,0.0
311,179,6.1934354,39.819113,0.0
311,180,8.9797927,43.0106112,0.0
311,181,11.565184,45.5709535,0.0
311,182,14.2536301,47.9991395,0.0
311,183,17.0564175,50.0915509,0.0
311,184,19.7424168,52.7055347,0.0
311,185,23.0015412,55.0134816,0.0
311,186,26.0095218,57.4428827,0.0
311,187,28.9414106,60.0513389,0.0
311,188,31.8340059,63.8277294,0.0
311,190,39.0418929,69.7081875,0.0
311,191,42.4959295,72.1659115,0.0
311,192,45.8793576,74.9230248,0.0
311,193,48.8924064,76.9679876,0.0
311,194,48.8206317,76.9515223,0.0
311,195,48.8979651,76.9802503,0.0
311,196,48.8640649,77.0023431,0.0
311,197,48.8996006,76.9747891,0.0
311,198,50.2636454,76.4760051,0.0
311,199,50.4798563,76.4589691,0.0
18,0,18.808108,69.0505991,0.0
18,1,18.8844084,69.1881283,0.0
18,2,18.8325138,69.2323978,0.0
18,3,18.7874241,69.1984645,0.0
18,4,18.8268715,69.1820366,0.0
18,5,18.8198554,69.1119685,0.0
18,6,18.7176424,69.1912689,0.0
18,7,18.7566199,69.1415268,0.0
18,8,18.8601283,69.1658119,0.0
18,9,20.1817337,70.5960616,0.0
18,10,21.9359319,71.9564347,0.0
18,11,21.9057612,71.995519,0.0
18,12,21.9244683,72.0053864,0.0
18,13,21.9680444,71.9374215,0.0
18,14,21.9601985,71.9211717,0.0
18,15,21.9831653,71.9861083,0.0
18,16,21.9326537,72.0648219,0.0
18,17,21.0138306,72.1663429,0.0
18,18,21.1254522,72.1977831,0.0
18,19,21.0560231,72.1754528,0.0
18,20,21.6658599,70.9411851,0.0
18,21,21.6352096,70.9834441,0.0
18,22,21.7512467,70.8819775,0.0
18,23,21.6247901,70.8844871,0.0
18,24,21.742245,70.921531,0.0
18,25,21.6838607,70.9258388,0.0
18,26,22.1283288,70.9879383,0.0
18,27,22.434206,70.8905141,0.0
18,28,22.8428121,70.7470856,0.0
18,29,22.8819225,70.7844688,0.0
18,30,23.0031644,70.9478377,0.0
18,31,23.1377251,70.9276023,0.0
18,32,23.4077903,70.9634098,0.0
18,33,23.9322923,70.7092877,0.0
18,34,24.3416134,70.0692614,0.0
18,35,24.9500599,69.613733,0.0
18,36,25.9227323,69.2721218,0.0
18,37,26.6489458,69.150027,0.0
18,38,27.4509727,69.0495283,0.0
18,39,28.4353216,69.0399465,0.0
18,40,29.3748683,68.8108703,0.0
18,41,29.8458784,68.6330709,0.0
18,42,30.0103297,68.5562957,0.0
18,43,30.6374129,68.2688785,0.0
18,44,31.1177621,67.7269081,0.0
18,45,31.725704,67.0325936,0.0
18,46,31.7499262,67.1120237,0.0
18,47,31.7964877,66.9431232,0.0
18,48,31.803694,67.0285816,0.0
18,49,31.705269,67.0456266,0.0
18,50,31.7529209,67.0868061,0.0
18,51,32.1180374,68.5116796,0.0
18,52,32.432193,69.9938108,0.0
18,53,32.8603082,71.317425,0.0
18,54,33.1082158,72.5493468,0.0
18,55,33.3525102,73.6771189,0.0
18,56,33.8211156,75.1040824,0.0
18,57,34.0783905,76.6585768,0.0
18,58,34.0560398,76.5908107,0.0
18,59,34.0915712,76.7469869,0.0
18,60,34.1417676,76.659792,0.0
18,61,34.6190195,74.90095,0.0
18,62,35.1390975,73.092341,0.0
18,63,35.9184576,71.4279248,0.0
18,64,36.7729857,69.9673408,0.0
18,65,36.7132662,70.0215688,0.0
18,66,36.7493046,69.9285352,0.0
18,67,36.7232772,69.9435915,0.0
18,68,36.7088143,69.9755246,0.0
18,69,36.8364089,69.9309437,0.0
18,70,36.8200846,70.0042374,0.0
18,71,36.3770375,68.7373221,0.0
18,72,36.0126697,67.4049022,0.0
18,73,35.9087715,66.4573053,0.0
18,74,35.9671478,66.4280654,0.0
18,75,35.9104756,66.364735,0.0
18,76,35.8300425,66.316113,0.0
18,77,35.9756541,66.5091802,0.0
18,78,38.0557258,67.2488601,0.0
18,79,39.9064382,67.7992274,0.0
18,80,41.5323337,68.2563348,0.0
18,81,43.0039738,69.0362106,0.0
18,82,44.9854837,69.8686021,0.0
18,83,46.6809454,70.7641385,0.0
18,84,48.2893073,71.3223655,0.0
18,85,49.9763487,71.9711544,0.0
18,86,52.1928819,72.6857013,0.0
18,87,52.2101575,72.4454355,0.0
18,88,53.6072081,73.0667049,0.0
18,89,54.9553526,73.7492978,0.0
18,90,56.4368898,74.4111087,0.0
18,91,58.0612729,74.9808001,0.0
18,92,59.9711772,75.6101587,0.0
18,93,61.2514005,76.1570982,0.0
18,94,61.7502545,76.7602346,0.0
18,95,60.6148283,77.168069,0.0
18,96,59.558347,78.0463683,0.0
18,97,57.8018603,79.5964949,0.0
18,98,56.1915663,80.6557077,0.0
18,99,55.4782921,81.4009665,0.0
18,100,54.4269971,82.9004176,0.0
18,101,55.1247169,82.6212439,0.0
18,102,54.6069766,83.2111181,0.0
18,103,54.1948804,83.3084202,0.0
18,104,54.2635825,82.8086837,0.0
18,105,54.3761216,82.716566,0.0
18,106,54.364547,82.8475346,0.0
18,107,55.7895899,82.1342475,0.0
18,108,55.660359,81.975437,0.0
18,109,55.7510861,82.0420417,0.0
18,110,55.7642607,82.0610211,0.0
18,111,55.6444889,82.0969179,0.0
18,112,55.6781877,82.0908675,0.0
18,113,55.7949917,81.9933086,0.0
18,114,57.3275254,79.38853,0.0
18,115,58.8131137,78.0949244,0.0
18,116,60.6922953,75.2321578,0.0
18,117,61.8593339,73.441497,0.0
18,118,61.8892762,70.1688663,0.0
18,119,60.848059,69.9313965,0.0
18,120,61.1463614,70.0435752,0.0
18,121,61.0102082,70.0103536,0.0
18,122,61.0659247,69.9884308,0.0
18,123,61.0959626,70.021719,0.0
18,124,61.0913559,70.0057911,0.0
18,125,60.1056622,70.600436,0.0
18,126,59.4576082,70.2156781,0.0
18,127,59.8675916,69.4796476,0.0
18,128,60.0631264,68.5066639,0.0
18,129,58.6374493,67.6436957,0.0
18,130,56.3986183,67.8074254,0.0
18,131,52.9925971,66.7246237,0.0
18,132,51.5413532,67.2836491,0.0
18,133,50.1157457,67.6309115,0.0
18,135,50.1070219,69.740561,0.0
18,136,47.6284932,70.4830736,0.0
18,137,45.2200651,70.6026123,0.0
18,138,43.0169876,70.2608397,0.0
18,139,40.8356455,70.1774127,0.0
18,140,38.0735923,70.7312771,0.0
18,141,35.2988111,71.487294,0.0
18,142,35.4089237,71.502589,0.0
18,143,35.4141199,71.5097328,0.0
18,144,35.3978891,71.640075,0.0
18,145,35.2987592,71.4529744,0.0
18,146,34.6691391,72.0844894,0.0
18,147,34.006871,72.6650985,0.0
18,148,33.7364369,72.9077196,0.0
18,149,33.9923134,72.8133077,0.0
18,150,33.7529967,73.0054894,0.0
18,151,34.0342942,73.3934311,0.0
18,152,34.6644159,74.3783827,0.0
18,153,35.1935683,74.8170135,0.0
18,154,35.9787614,75.0969788,0.0
18,155,37.0267611,75.3503054,0.0
18,156,37.4905974,76.0162994,0.0
18,157,40.1360245,76.8755473,0.0
18,158,39.2967761,77.992345,0.0
18,159,38.3850375,77.4636986,0.0
18,160,37.7662448,77.813352,0.0
18,161,38.6098048,77.0727277,0.0
18,162,38.755367,77.0712305,0.0
18,163,38.7056893,77.0269446,0.0
18,164,38.7496709,77.0938316,0.0
18,165,38.6606346,77.1266,0.0
18,166,38.6251065,77.0106574,0.0
18,167,38.5945372,77.1229746,0.0
18,168,38.6265235,77.0768651,0.0
18,169,38.650879,77.0438113,0.0
18,170,38.6749312,77.1130748,0.0
18,171,38.1211112,74.8734789,0.0
18,172,37.0493249,71.9436097,0.0
18,173,36.5969003,68.9042459,0.0
18,174,35.9379684,65.5766002,0.0
18,175,35.9203452,65.440503,0.0
18,176,35.8293269,65.4516915,0.0
18,177,35.7626983,65.5431477,0.0
18,178,35.8444831,65.5092972,0.0
18,179,35.393736,65.8469834,0.0
18,180,34.9906345,65.454769,0.0
18,181,34.113377,65.6921859,0.0
18,182,33.7691564,65.6645,0.0
18,183,34.0285937,65.6983474,0.0
18,185,35.0563491,65.6378324,0.0
18,186,35.1336228,65.491228,0.0
18,187,35.0800755,65.4080062,0.0
18,188,35.1194336,65.3463732,0.0
18,189,35.2913785,66.0741172,0.0
18,190,35.1377951,65.4235442,0.0
18,191,35.1510883,65.3052956,0.0
18,192,35.0653015,65.4820571,0.0
18,193,36.8991292,65.095601,0.0
18,194,37.0089884,64.9901074,0.0
18,195,36.8855422,65.1596615,0.0
18,196,37.4106373,65.4138316,0.0
18,197,36.9833822,65.0152436,0.0
18,198,38.0618475,64.7754071,0.0
18,199,39.6235052,64.751147,0.0
367,143,84.871798,80.6260044,0.0
367,144,85.1690404,81.2005816,0.0
367,145,85.6066003,82.0577453,0.0
367,146,85.8698307,82.7485588,0.0
367,147,85.1558308,81.8191612,0.0
367,148,84.9247579,82.5442586,0.0
367,149,84.0661843,83.7241426,0.0
367,150,83.2963427,84.5172504,0.0
367,151,82.4036052,85.8680746,0.0
367,152,81.384003,86.6679081,0.0
367,153,80.0468533,88.5118997,0.0
367,154,79.1895344,89.939661,0.0
367,155,78.5089906,90.0102123,0.0
367,156,78.3174974,90.9190112,0.0
367,157,76.5573449,92.1031848,0.0
367,158,75.6101149,95.115409,0.0
367,159,72.950107,96.3284102,0.0
367,160,71.6844721,97.5071222,0.0
367,161,69.9320876,99.3158642,0.0
367,162,68.2078944,100.7996653,0.0
367,163,66.7446883,101.6626116,0.0
367,164,63.8598894,102.2457105,0.0
367,165,63.1717357,102.306088,0.0
367,166,62.3353965,103.136566,0.0
367,167,62.1138453,103.5149125,0.0
367,168,62.0493724,102.2735373,0.0
367,169,60.6381473,102.921297,0.0
367,170,59.7248679,104.7181306,0.0
367,171,59.2555331,105.5185363,0.0
367,172,58.0537532,106.9562109,0.0
367,173,57.2714507,107.9683346,0.0
367,174,55.9007927,108.433827,0.0
367,175,54.6073405,108.5861138,0.0
367,176,53.37896,108.332143,0.0
367,177,52.0356949,109.996224,0.0
367,178,50.5273577,110.5205008,0.0
367,180,48.3555364,113.0332315,0.0
367,181,46.9815775,113.1939937,0.0
367,182,45.8151445,112.942624,0.0
367,183,44.439973,112.9115168,0.0
367,184,44.493834,112.895141,0.0
367,185,43.6183559,113.5663255,0.0
367,186,43.7505182,113.7134886,0.0
367,187,43.6022797,113.5000532,0.0
367,188,43.5509374,113.487933,0.0
367,189,43.5520031,113.5253043,0.0
367,190,43.2098067,112.6707764,0.0
367,191,43.1365855,111.682225,0.0
367,192,42.9749884,110.9515195,0.0
367,193,42.8950539,110.2026328,0.0
367,194,42.9770922,109.4707976,0.0
367,195,42.6540535,108.3152745,0.0
367,196,42.2977177,107.1770808,0.0
367,197,42.108542,105.9678611,0.0
367,198,41.9367012,105.2142479,0.0
367,199,41.6124491,104.320912,0.0
27,0,110.4195454,36.0493179,0.0
27,1,110.1865105,34.0889168,0.0
27,2,109.8423757,33.5302497,0.0
27,3,108.7425403,33.1629138,0.0
27,4,106.2874661,32.5083779,0.0
27,5,103.9425311,32.2165734,0.0
27,6,101.7848782,31.0277276,0.0
27,7,100.999269,31.0512794,0.0
27,8,100.3381333,31.5536726,0.0
27,9,99.3126636,31.0236788,0.0
27,10,98.7484261,30.8286422,0.0
27,11,98.6288957,30.790362,0.0
27,12,98.5980417,30.5370524,0.0
27,13,98.0769228,29.8566275,0.0
27,14,96.2907941,30.1212357,0.0
27,15,93.9016524,30.4894679,0.0
27,16,91.6514455,31.0200184,0.0
27,17,91.6747568,30.9566713,0.0
27,18,91.2825207,33.1742821,0.0
27,19,89.8465788,35.4620072,0.0
27,20,89.0254226,35.6437957,0.0
27,21,88.4907245,35.1706739,0.0
27,22,89.7678653,35.650715,0.0
27,23,88.9776451,36.0925702,0.0
27,24,88.43144,36.0354696,0.0
27,25,88.2619217,36.7480398,0.0
27,26,88.0032538,37.6112193,0.0
27,27,87.7370801,38.8298825,0.0
27,28,86.9639004,38.4448631,0.0
27,29,84.9799318,38.7009123,0.0
27,30,84.0219161,38.9956682,0.0
27,31,83.9937557,39.0766937,0.0
27,32,83.9640993,38.9573619,0.0
27,33,83.9876762,38.9756127,0.0
27,34,83.948709,39.0066541,0.0
27,35,83.9513401,39.0710097,0.0
27,36,83.9411213,39.0366738,0.0
27,37,80.7018657,39.8794145,0.0
27,38,77.0673962,39.9250326,0.0
27,39,75.7973493,39.8902214,0.0
27,40,73.9817735,40.9756841,0.0
27,41,71.5159321,42.4478411,0.0
27,42,68.5170383,44.4387583,0.0
27,43,65.8130673,45.9879096,0.0
27,44,61.9834405,46.2117344,0.0
27,45,58.9703361,46.4824639,0.0
27,46,55.1871641,47.3481109,0.0
27,47,55.2781813,47.408227,0.0
27,48,55.1821738,47.317573,0.0
27,49,55.1967333,47.4791142,0.0
27,50,55.2080637,47.2971283,0.0
27,51,55.1367895,47.3569306,0.0
27,52,55.1128844,47.4714628,0.0
27,53,56.0641877,46.6883906,0.0
27,54,55.1378863,47.4498916,0.0
27,55,54.9378674,47.5105777,0.0
27,56,54.1376321,48.0207742,0.0
27,57,54.8451146,48.0533046,0.0
27,58,55.2309283,47.4106641,0.0
27,59,55.3387275,47.8009093,0.0
27,61,56.9463082,48.2484404,0.0
27,62,58.0372918,47.9500578,0.0
27,63,58.3464814,47.6901201,0.0
27,64,59.0275753,48.2062358,0.0
27,65,59.2943831,48.4746472,0.0
27,66,61.1913113,49.2258406,0.0
27,67,62.0347685,49.2236127,0.0
27,68,63.5904088,49.3840598,0.0
27,69,64.5180656,49.5492726,0.0
27,70,66.1088765,50.0958105,0.0
27,71,67.9691044,51.7262965,0.0
27,72,69.4654951,53.0691061,0.0
27,73,71.2272591,54.3556791,0.0
27,74,72.6141604,54.9312586,0.0
27,75,73.4798227,55.9036118,0.0
27,76,74.5731039,57.2163204,0.0
27,77,75.830453,58.9457895,0.0
27,78,77.7676763,59.8290995,0.0
27,79,80.2160097,59.2246898,0.0
27,80,82.2606065,59.1293713,0.0
27,81,83.9253994,59.4524471,0.0
27,82,85.3187676,60.2031681,0.0
27,83,86.8453837,60.8158909,0.0
27,84,89.0126898,62.1412579,0.0
27,85,91.1362926,63.0936759,0.0
27,86,93.037833,62.7361823,0.0
27,87,94.7088392,61.8964093,0.0
27,88,95.4332602,60.6097612,0.0
27,89,96.2964971,59.6421082,0.0
27,90,97.5043392,60.000085,0.0
27,91,99.30498,60.3240252,0.0
27,92,101.5325216,60.0338892,0.0
27,93,104.6421107,59.6592759,0.0
27,94,107.0610778,59.437295,0.0
27,95,109.9252477,59.0692869,0.0
27,96,111.5691096,58.8961179,0.0
27,97,112.9664509,58.0496533,0.0
27,98,114.4441349,57.3809573,0.0
27,99,116.1614715,56.836263,0.0
27,100,117.2589337,57.1837656,0.0
27,101,118.3190128,57.3651759,0.0
27,102,119.898471,57.5395391,0.0
27,103,121.1177494,58.1021046,0.0
27,104,123.3826972,58.7432046,0.0
27,105,123.4132208,58.6178721,0.0
27,106,123.7695381,58.617135,0.0
27,107,123.8069409,58.6015262,0.0
27,108,123.8900932,58.6414554,0.0
27,109,123.8588358,58.6794473,0.0
27,110,123.855859,58.6087747,0.0
27,111,123.7636588,58.5873036,0.0
27,112,121.2986847,60.1356344,0.0
27,113,118.5260178,61.9465035,0.0
27,114,115.2051161,63.0792774,0.0
27,115,112.0444593,64.1020151,0.0
27,116,108.3068607,64.295492,0.0
27,117,104.5576542,64.7616237,0.0
27,118,102.0031677,65.08546,0.0
27,119,99.7120024,64.7129078,0.0
27,120,96.8453271,64.7265263,0.0
27,122,89.339754,64.383976,0.0
27,123,85.9189354,64.2701679,0.0
27,124,82.3804654,64.0868226,0.0
27,125,79.7044049,63.9811259,0.0
27,126,77.0123684,63.6679076,0.0
27,127,73.8935037,64.1221765,0.0
27,128,70.1016,64.4103459,0.0
27,129,66.6143726,64.252151,0.0
27,130,63.0803149,64.8175654,0.0
27,131,59.8725944,66.0227413,0.0
27,132,56.8983736,67.4933949,0.0
27,133,54.1213722,68.3003233,0.0
27,134,51.8331246,68.2172167,0.0
27,135,50.9344803,65.8968082,0.0
27,136,51.3091991,66.4550004,0.0
27,137,50.5077392,66.9505211,0.0
27,138,50.519896,67.2271666,0.0
27,139,50.034482,68.1070525,0.0
27,140,50.3084016,68.5756496,0.0
27,141,49.5405005,68.2287471,0.0
27,142,48.744051,68.9876356,0.0
27,143,47.130163,69.2480023,0.0
27,144,45.5538335,69.9185876,0.0
27,145,44.4616665,70.552907,0.0
27,146,43.244935,69.8426978,0.0
27,147,42.0374681,69.2226523,0.0
27,148,41.3692769,71.5488386,0.0
27,149,41.4582036,74.2431441,0.0
27,150,41.8931634,74.8148625,0.0
27,151,41.9777567,74.784089,0.0
27,152,41.9193554,74.8808803,0.0
27,153,41.8718034,74.8487887,0.0
27,154,41.8741038,74.8502822,0.0
27,155,41.924279,74.8067847,0.0
27,156,41.8995148,74.8210818,0.0
27,157,41.4270056,76.8577795,0.0
27,158,39.8594694,79.316714,0.0
27,159,37.998319,79.6976126,0.0
27,161,35.2004331,78.2347232,0.0
27,162,33.8410683,78.3726124,0.0
27,163,32.2059607,78.3810138,0.0
27,164,31.160653,79.5624299,0.0
27,165,29.4851512,78.6928613,0.0
27,166,28.3774787,79.5033397,0.0
27,167,29.2452361,79.8498878,0.0
27,168,29.9865924,79.434462,0.0
27,169,31.8393821,78.7339325,0.0
27,170,32.2678962,78.0772049,0.0
27,171,32.1613573,76.4817375,0.0
27,172,30.7391966,75.5069486,0.0
27,173,30.6280535,74.4171075,0.0
27,174,31.9704208,71.7902126,0.0
27,175,33.2296759,70.1533781,0.0
27,176,33.959155,69.3396904,0.0
27,177,33.3083578,67.4275776,0.0
27,178,32.8841797,65.9827303,0.0
27,179,33.02297,66.0171076,0.0
27,180,34.9125535,65.4698714,0.0
27,181,34.8652606,65.5244445,0.0
27,182,34.8645707,65.4708703,0.0
27,183,34.8624407,65.4737863,0.0
27,184,34.3644136,66.2460687,0.0
27,185,34.3084956,68.2859365,0.0
27,186,35.0196446,69.6999428,0.0
27,187,35.0985531,69.6669838,0.0
27,188,35.0911768,69.7698086,0.0
27,189,35.1375754,69.590146,0.0
27,190,35.0757243,69.8128263,0.0
27,191,34.9749166,69.7037357,0.0
27,192,35.0088617,69.7946394,0.0
27,193,35.0519827,69.7926644,0.0
27,194,35.1393183,69.7894115,0.0
27,195,36.5119836,68.8195011,0.0
27,196,39.5024451,66.6797863,0.0
27,197,41.5157478,64.4007084,0.0
27,198,44.9207966,63.3820567,0.0
27,199,49.190745,61.7119386,0.0
332,64,88.9088366,70.9121506,0.0
332,65,88.9244848,70.8352506,0.0
332,66,88.84417,70.8853581,0.0
332,67,88.8151018,71.6927257,0.0
332,68,88.3995908,72.6206974,0.0
332,69,88.4201368,72.6358125,0.0
332,70,88.4721952,72.636836,0.0
332,71,88.3465272,72.6843464,0.0
332,72,88.4291801,72.7284087,0.0
332,73,88.4531856,72.5950659,0.0
332,74,87.7656553,70.9493562,0.0
332,75,87.6726649,71.0311111,0.0
332,76,88.5600744,71.1341265,0.0
332,77,88.5417441,71.1030595,0.0
332,78,88.5111597,71.132616,0.0
332,79,88.6425881,71.1507567,0.0
332,80,88.4996231,71.0654142,0.0
332,81,88.4780267,71.0693684,0.0
332,82,88.5732336,71.0945373,0.0
332,83,88.51944,71.0852535,0.0
332,84,90.1966045,69.8093984,0.0
332,85,90.4505425,69.4801786,0.0
332,86,91.7579708,69.8419256,0.0
332,87,93.6348985,71.7195587,0.0
332,88,94.953928,73.9589998,0.0
332,89,96.7924175,75.9640798,0.0
332,90,99.5492281,77.7657334,0.0
332,91,100.0549347,77.9590678,0.0
332,92,101.259073,76.9285994,0.0
332,93,102.2819363,75.2147096,0.0
332,94,104.9535551,74.6831213,0.0
332,95,106.6199626,74.4400387,0.0
332,96,107.8359103,74.3285868,0.0
332,97,108.6324625,74.9966448,0.0
332,98,109.194463,75.7106588,0.0
332,99,109.214939,75.6286343,0.0
332,100,109.8176049,74.7853984,0.0
332,101,112.4316472,73.6130234,0.0
332,102,115.1126453,74.0722035,0.0
332,103,117.8724379,74.6840462,0.0
332,104,119.6512041,74.8789647,0.0
332,105,121.9498053,75.2807197,0.0
332,106,122.3893336,74.3322272,0.0
332,107,122.0642085,75.0265578,0.0
332,108,122.2893108,75.0436247,0.0
332,109,123.1198514,74.5119083,0.0
332,110,123.0059954,74.4606135,0.0
332,111,123.1223859,74.5478138,0.0
332,112,123.067174,74.4282276,0.0
332,113,123.1025364,74.4417474,0.0
332,114,121.5961442,73.1604415,0.0
332,115,119.9374356,70.3715127,0.0
332,116,117.0237405,67.4077123,0.0
332,117,114.104719,65.349906,0.0
332,118,113.03355,62.9100318,0.0
332,119,110.8862832,60.2934285,0.0
332,120,107.8422058,58.9844119,0.0
332,121,105.5811918,57.9743848,0.0
332,122,103.6786758,56.7143808,0.0
332,123,103.7335436,56.733953,0.0
332,124,103.4844892,56.2393501,0.0
332,125,104.1689592,54.959326,0.0
332,126,104.0890038,54.112629,0.0
332,127,104.0837455,54.2213237,0.0
332,128,102.7866216,55.0471859,0.0
332,129,102.4566539,54.746598,0.0
332,130,101.4539205,54.0636822,0.0
332,131,101.1269529,54.3605842,0.0
332,132,100.5519043,54.7901276,0.0
332,133,100.1242718,54.0854817,0.0
332,134,98.870321,52.2199034,0.0
332,135,98.0033342,52.8927072,0.0
332,136,96.4326463,54.1979507,0.0
332,137,96.4461452,54.6864331,0.0
332,138,95.7820584,54.1025007,0.0
332,139,94.8403041,53.728162,0.0
332,140,93.7986096,54.5494363,0.0
332,141,92.5916499,54.9438836,0.0
332,142,93.2849588,56.5179773,0.0
332,143,93.0528896,55.8231276,0.0
332,144,93.0674465,55.3080004,0.0
332,145,92.5591882,53.7127068,0.0
332,146,92.4067919,51.297092,0.0
332,147,92.1410518,49.4733956,0.0
332,149,92.5809983,45.5537366,0.0
332,150,91.7422848,44.2582153,0.0
332,151,91.8949407,44.2608873,0.0
332,152,91.6169112,44.2434085,0.0
332,153,91.6691331,44.2446536,0.0
332,154,91.6207182,44.2763419,0.0
332,155,91.8371606,44.1354513,0.0
332,156,89.1811763,45.1764434,0.0
332,157,86.9163228,47.1783731,0.0
332,158,84.9610257,48.4037847,0.0
332,159,82.7551206,49.5349292,0.0
332,160,79.8043816,49.8523959,0.0
332,161,76.3901354,50.9614365,0.0
332,162,73.3741833,52.0644373,0.0
332,163,70.6457469,52.9760838,0.0
332,164,67.5628419,52.2449794,0.0
332,165,65.1374043,52.9173545,0.0
332,166,62.5444798,52.4765106,0.0
332,167,59.5661265,52.5492299,0.0
332,168,59.7445659,52.5475755,0.0
332,169,58.9378148,53.4660925,0.0
332,170,58.4636065,53.3494039,0.0
332,171,58.0425211,54.9058341,0.0
332,172,58.6403337,55.9544099,0.0
332,173,58.091811,56.3376236,0.0
332,174,56.1814244,57.1287382,0.0
332,175,55.9509109,56.0396962,0.0
332,176,55.995196,54.5323535,0.0
332,177,56.9637076,54.1362032,0.0
332,178,57.9003081,53.6885429,0.0
332,179,58.8579156,52.4287118,0.0
332,180,58.8862112,52.4316236,0.0
332,181,58.8622649,52.5805235,0.0
332,182,58.8036598,52.4613886,0.0
332,183,58.8538821,52.3495703,0.0
332,184,58.9165025,52.3669413,0.0
332,185,58.8810455,52.4144032,0.0
332,186,58.7631006,52.436587,0.0
332,187,58.9360696,52.5250054,0.0
332,188,58.7919349,52.4450194,0.0
332,189,58.842925,52.4921068,0.0
332,190,58.8327449,52.4043067,0.0
332,191,59.2251148,56.0239851,0.0
332,192,59.8622049,59.4047813,0.0
332,193,59.2367785,63.905248,0.0
332,194,57.4655218,66.788034,0.0
332,195,55.1165358,70.3350138,0.0
332,196,52.6009045,72.9371735,0.0
332,197,52.6259228,72.9301577,0.0
332,198,52.7214135,72.8090447,0.0
332,199,51.6779206,73.6666171,0.0
318,31,115.0547663,17.3072522,0.0
318,32,115.0681914,17.3486968,0.0
318,33,115.1110638,17.3489619,0.0
318,34,114.941704,18.1074824,0.0
318,35,114.3384474,18.1126598,0.0
318,36,114.4734894,18.2151629,0.0
318,37,114.4108897,18.1837425,0.0
318,38,114.4772662,18.1498926,0.0
318,39,114.3219028,18.1547318,0.0
318,40,114.4315048,18.1797668,0.0
318,41,114.4651909,18.1179462,0.0
318,42,114.4612056,18.2226617,0.0
318,43,114.4780336,18.1784009,0.0
318,44,113.8996735,20.4521587,0.0
318,45,114.035999,22.1292986,0.0
318,46,113.7330321,22.9772144,0.0
318,47,112.9509964,24.4866993,0.0
318,48,113.1509216,26.2998036,0.0
318,49,113.0289794,28.1811509,0.0
318,50,112.9625652,29.5457902,0.0
318,51,112.2886663,30.4300983,0.0
318,52,111.8845084,31.8242922,0.0
318,53,112.2963098,33.0424879,0.0
318,54,113.2519462,33.7177421,0.0
318,55,113.9833436,34.0659339,0.0
318,56,113.9956706,35.2408498,0.0
318,57,114.1652252,36.9214007,0.0
318,58,114.4055817,38.1125846,0.0
318,59,114.3694515,38.1542555,0.0
318,60,114.3478802,38.293266,0.0
318,61,114.3758366,38.2091319,0.0
318,62,113.759399,38.6949181,0.0
318,63,112.606681,38.9119705,0.0
318,64,112.7885781,38.9355199,0.0
318,65,112.6468814,38.8501459,0.0
318,66,112.617577,38.8791607,0.0
318,67,112.6867538,38.8976273,0.0
318,68,112.7832865,38.9281685,0.0
318,69,112.6123804,38.9758664,0.0
318,70,112.76828,38.9024766,0.0
318,71,112.6974536,38.911599,0.0
318,72,112.6368395,38.8474126,0.0
318,73,112.6467947,38.9782577,0.0
318,74,112.6232258,38.8160506,0.0
318,75,112.7506161,38.8912071,0.0
318,76,112.5685205,38.6460823,0.0
318,77,112.7361963,38.7215301,0.0
318,78,112.1053395,37.9443857,0.0
318,79,112.6727685,38.3718613,0.0
318,80,112.5927665,38.5080039,0.0
318,81,112.6733646,38.5712359,0.0
318,82,112.7779629,38.5186619,0.0
318,83,112.7279685,38.6680334,0.0
318,84,112.6888786,38.4558486,0.0
318,85,112.7317125,38.4314948,0.0
318,86,112.6543509,38.4494201,0.0
318,87,112.7765384,38.4682162,0.0
318,88,112.6538936,38.572597,0.0
318,89,112.6780075,38.4038403,0.0
318,90,112.432296,37.6521452,0.0
318,91,111.0344724,37.4323067,0.0
318,92,110.9997618,36.0190047,0.0
318,93,110.9593998,34.0294652,0.0
318,94,111.1176804,31.562383,0.0
318,95,109.6838294,29.5824293,0.0
318,96,108.0282548,28.6595568,0.0
318,97,108.5862327,27.6575532,0.0
318,98,109.2666356,26.9243955,0.0
318,99,109.3602761,24.6073369,0.0
318,100,109.6361405,22.6025744,0.0
318,101,109.8813217,19.4154922,0.0
318,102,108.6463994,16.2244243,0.0
318,103,106.9263639,14.4022251,0.0
318,104,106.8568335,14.4206141,0.0
318,105,106.8488709,14.6125414,0.0
318,106,106.9745184,14.5338561,0.0
318,107,106.8996586,14.5027759,0.0
318,108,106.7473681,14.53047,0.0
318,109,106.9985622,14.4438336,0.0
318,110,106.890373,14.5114087,0.0
318,111,106.8037084,14.5152069,0.0
318,112,106.9263875,14.5241516,0.0
318,113,107.849271,15.0771381,0.0
318,114,108.130776,16.8021738,0.0
318,115,107.1123563,17.9255127,0.0
318,116,107.0724864,17.8930899,0.0
318,117,107.0890275,17.9309235,0.0
318,118,107.0867619,18.0393837,0.0
318,119,107.1130578,17.9888987,0.0
318,120,107.0736065,17.9115649,0.0
318,121,107.141253,17.9319729,0.0
318,122,107.2605072,16.8631326,0.0
318,123,109.029046,16.4283789,0.0
318,124,110.0580275,16.3217854,0.0
318,125,110.9091494,19.0928986,0.0
318,126,111.4160475,19.3267669,0.0
318,127,111.7555362,19.0141256,0.0
318,128,110.3993245,18.7644159,0.0
318,129,111.2022855,18.9294977,0.0
318,130,110.9949158,19.2423645,0.0
318,131,111.9760703,19.9172476,0.0
318,132,111.2135381,18.9997967,0.0
318,133,111.9532325,18.1855489,0.0
318,134,111.4496933,19.0614628,0.0
318,135,110.2804463,18.0958799,0.0
318,136,108.8016296,17.9659363,0.0
318,137,107.8738554,19.1109586,0.0
318,138,106.6780101,19.4865447,0.0
318,139,105.4246835,19.5357855,0.0
318,140,105.3858229,19.5389245,0.0
318,141,105.240436,19.0618973,0.0
318,142,106.3859465,17.5806883,0.0
318,143,107.7054802,16.1418885,0.0
318,144,109.7711447,15.6865437,0.0
318,146,108.7537307,15.3624462,0.0
318,147,110.6809508,12.279579,0.0
318,148,112.1517202,11.1241889,0.0
318,149,113.7281588,11.1498926,0.0
318,150,114.3777058,11.3256351,0.0
318,151,114.1534782,11.1089388,0.0
318,152,113.2509148,11.8596248,0.0
318,153,112.9110559,12.752401,0.0
318,154,112.1146157,12.6832092,0.0
318,155,113.0116796,12.4847414,0.0
318,156,113.4431033,11.9303465,0.0
318,157,112.8490276,11.634185,0.0
318,158,112.3063718,12.598629,0.0
318,159,112.374085,13.1590405,0.0
318,160,110.6907248,12.7508769,0.0
318,161,109.4698575,12.4894173,0.0
318,162,110.1222213,13.3930116,0.0
318,163,110.2540887,12.055922,0.0
318,164,109.195586,11.6784255,0.0
318,165,108.2974306,11.9709384,0.0
318,166,107.3082363,11.7296557,0.0
318,167,106.902508,10.725697,0.0
318,168,106.8022497,9.853208,0.0
318,169,106.083133,8.7657364,0.0
318,170,105.5603034,7.8391505,0.0
318,171,105.4570385,7.1293628,0.0
318,172,105.3345757,7.5542218,0.0
318,173,106.5670583,8.0823264,0.0
318,174,108.4373257,5.0549422,0.0
318,175,109.7833892,4.1379325,0.0
318,176,111.8765516,3.2744105,0.0
318,177,113.0119515,2.0281543,0.0
318,178,113.0942924,2.0251756,0.0
318,179,113.0124029,2.0977544,0.0
318,180,113.9817578,2.8454527,0.0
318,181,113.0769759,2.0222814,0.0
318,182,113.1125751,2.0182369,0.0
318,183,113.0697767,2.023365,0.0
318,184,113.1555933,1.896252,0.0
318,185,113.1377154,2.0959231,0.0
318,186,113.0867025,2.0288904,0.0
318,187,114.7154587,0.4887087,0.0
318,188,114.651393,0.5607463,0.0
318,189,114.6623544,0.3897836,0.0
318,190,114.6890733,0.4309404,0.0
318,191,114.7083696,0.3708405,0.0
318,192,114.7090665,0.1507996,0.0
318,193,114.7534536,0.3562947,0.0
318,194,114.7703729,0.4543345,0.0
318,195,114.6910653,0.3995842,0.0
318,196,114.65338,0.3143703,0.0
318,197,114.727914,0.3959643,0.0
318,198,114.7498075,0.4108761,0.0
318,199,114.6989078,0.3923087,0.0
359,129,126.5812951,14.1735423,0.0
359,130,126.244858,13.8315375,0.0
359,131,125.2631921,13.8767265,0.0
359,132,124.2975579,14.0189905,0.0
359,133,123.3757744,14.1661577,0.0
359,134,122.1889377,14.8685649,0.0
359,135,121.2142028,14.7892336,0.0
359,136,119.5284679,15.6050442,0.0
359,137,118.763301,15.2064655,0.0
359,138,117.0233203,16.015453,0.0
359,139,116.08338,15.9962663,0.0
359,140,115.0994412,15.8377081,0.0
359,141,113.9951014,15.942499,0.0
359,142,113.0446159,15.9082267,0.0
359,143,111.985956,14.9999509,0.0
359,145,109.5915756,15.4286553,0.0
359,146,108.4139777,15.6473328,0.0
359,147,107.1065257,16.112698,0.0
359,148,105.9399465,16.8832399,0.0
359,149,104.9940324,17.1887465,0.0
359,150,103.602172,17.8635616,0.0
359,151,102.012637,18.6930169,0.0
359,152,100.978989,19.4129377,0.0
359,153,99.9796796,20.3293332,0.0
359,154,98.920552,21.1692855,0.0
359,155,98.1438509,21.968766,0.0
359,156,97.7654121,22.2954917,0.0
359,157,97.1361489,22.9671293,0.0
359,158,96.6310918,24.1760383,0.0
359,159,96.1424243,25.5359387,0.0
359,160,95.3073552,26.6336504,0.0
359,161,93.9538855,27.7753482,0.0
359,162,93.1817032,29.0826109,0.0
359,163,92.0836747,30.9044401,0.0
359,164,92.0924128,30.8709933,0.0
359,165,92.0698971,30.989127,0.0
359,166,91.9860285,30.8758186,0.0
359,167,92.0993974,30.9360966,0.0
359,168,92.093781,30.906149,0.0
359,169,92.0466053,30.9226117,0.0
359,170,92.0689102,30.8392526,0.0
359,171,92.0768177,30.9252363,0.0
359,172,92.0835831,30.9697431,0.0
359,173,92.0739281,30.8436027,0.0
359,174,92.6942814,31.270958,0.0
359,175,92.7386115,32.6427942,0.0
359,176,92.4225973,33.9761951,0.0
359,177,92.5202809,33.8555555,0.0
359,178,92.5223178,33.8374624,0.0
359,179,92.5678144,33.8958292,0.0
359,180,92.6038457,33.9083887,0.0
359,181,93.1392454,35.8962163,0.0
359,182,93.7721255,37.2968907,0.0
359,183,94.8065893,38.6493711,0.0
359,184,94.7421572,38.7637438,0.0
359,185,94.7934422,38.7995302,0.0
359,186,94.784373,38.7161171,0.0
359,187,94.7859855,38.6392506,0.0
359,188,94.840003,38.7320361,0.0
359,189,94.8669888,38.629835,0.0
359,190,94.7839188,38.6896983,0.0
359,191,94.8400037,38.8032254,0.0
359,192,94.8392355,38.7675949,0.0
359,193,94.863551,38.7205367,0.0
359,194,94.7418463,38.7085831,0.0
359,195,94.7902794,38.663016,0.0
359,196,94.8253319,38.7942531,0.0
359,197,94.883202,38.651494,0.0
359,198,94.9329989,41.0956767,0.0
359,199,94.4163927,43.1503644,0.0
346,91,61.9745551,0.5914093,0.0
346,92,60.9492534,3.5163206,0.0
346,93,59.842288,6.3158536,0.0
346,94,59.3072834,9.5538357,0.0
346,95,58.9411659,12.5834138,0.0
346,96,58.5106225,15.8406231,0.0
346,97,57.9222548,18.8805231,0.0
346,98,56.9525801,21.6452901,0.0
346,99,56.5503812,24.065536,0.0
346,100,56.5858287,24.0368161,0.0
346,101,56.5826902,24.0425016,0.0
346,102,56.5626149,24.1013132,0.0
346,103,56.5345776,24.1189889,0.0
346,104,57.0890018,23.2610918,0.0
346,105,57.923393,22.8833795,0.0
346,106,58.3442178,21.7485439,0.0
346,107,59.1092673,21.4868513,0.0
346,108,60.0684022,21.5853437,0.0
346,109,61.1365084,21.4165378,0.0
346,110,62.1159673,21.068057,0.0
346,111,63.2752357,20.0721574,0.0
346,112,64.4110081,19.0020936,0.0
346,113,65.4920058,18.0009961,0.0
346,115,66.7882873,16.4439594,0.0
346,116,66.8382482,16.3918546,0.0
346,118,66.873843,16.4079564,0.0
346,119,66.7604403,16.2159479,0.0
346,120,66.6019006,16.3893971,0.0
346,121,65.8390616,11.7050696,0.0
346,122,66.8395123,10.6040067,0.0
346,123,68.1322725,9.7311079,0.0
346,124,68.0022811,9.7503178,0.0
346,125,67.8031841,10.0688475,0.0
346,126,67.3258679,10.0674212,0.0
346,127,67.7820665,9.9341505,0.0
346,128,67.7538901,9.8964227,0.0
346,129,67.6501673,9.9149728,0.0
346,130,66.7056521,9.4630623,0.0
346,132,65.5422941,8.1337174,0.0
346,134,66.8420852,11.0605912,0.0
346,135,66.7775242,11.5817779,0.0
346,136,66.8873549,11.5809164,0.0
346,137,66.7510268,11.4877706,0.0
346,138,66.8137927,11.5666003,0.0
346,139,66.9981677,11.0356825,0.0
346,140,66.9676617,11.1841274,0.0
346,141,67.0614006,11.2066223,0.0
346,142,66.9535095,11.0152803,0.0
346,143,67.0138816,11.2007223,0.0
346,144,66.9961995,11.1229089,0.0
346,145,64.9609842,13.2436717,0.0
346,146,61.8676618,14.8130306,0.0
346,147,58.4319474,16.9488017,0.0
346,148,55.4296257,18.5848382,0.0
346,149,52.4754528,21.1955751,0.0
346,150,49.6786869,24.1041309,0.0
346,151,49.62002,24.1039802,0.0
346,152,49.6910422,24.0242189,0.0
346,153,49.5397075,24.1324013,0.0
346,154,49.6567284,24.0690827,0.0
346,155,49.3848325,24.7222891,0.0
346,156,49.4072443,24.7058908,0.0
346,157,49.4377823,24.8634528,0.0
346,158,49.4130971,24.7978748,0.0
346,159,49.3081076,24.7578511,0.0
346,160,49.3814055,24.7502005,0.0
346,161,49.4648033,24.6960406,0.0
346,162,49.4053246,24.6843701,0.0
346,163,49.3317932,24.6491367,0.0
346,164,49.9114409,23.777464,0.0
346,165,49.8876425,23.7512207,0.0
346,166,49.9231261,23.7732528,0.0
346,167,49.9243848,23.7514908,0.0
346,168,50.0824224,25.7736944,0.0
346,169,49.6615877,27.0722696,0.0
346,170,48.5451626,29.0809603,0.0
346,171,47.9441785,31.6008781,0.0
346,172,47.9869071,31.3891706,0.0
346,173,47.9776439,31.5355666,0.0
346,174,46.4363363,32.3857368,0.0
346,175,45.9529009,33.4016907,0.0
346,176,44.7722608,33.649427,0.0
346,177,42.726984,33.1830592,0.0
346,178,40.5264709,32.4206785,0.0
346,179,38.7935792,32.109023,0.0
346,180,36.8741422,31.2331358,0.0
346,181,34.8608104,30.0401249,0.0
346,182,34.8539081,30.0702342,0.0
346,183,33.981648,30.0119608,0.0
346,184,33.97004,29.9508055,0.0
346,185,34.2574476,32.4507462,0.0
346,186,34.9209923,34.3416361,0.0
346,187,35.6623816,36.6293912,0.0
346,188,35.7109614,36.5671172,0.0
346,189,35.682039,36.5915531,0.0
346,190,35.7398242,36.5397404,0.0
346,191,32.6965263,37.0603625,0.0
346,192,29.8709487,37.8582172,0.0
346,193,26.9657463,38.1890497,0.0
346,194,23.6870319,37.880345,0.0
346,195,20.9984042,38.0140142,0.0
346,196,17.5438134,37.7729295,0.0
346,197,14.5180744,38.732646,0.0
346,198,11.5926554,39.2384673,0.0
346,199,8.9163738,40.7412309,0.0
16,0,49.3356409,103.8924828,0.0
16,1,49.7869118,105.93429,0.0
16,2,50.8640895,107.5755296,0.0
16,3,50.8336852,110.215977,0.0
16,4,50.9164781,112.436504,0.0
16,5,50.9247467,114.1486192,0.0
16,6,50.6051214,116.1122518,0.0
16,7,50.0336034,117.3028743,0.0
16,8,50.9303576,118.6745455,0.0
16,9,50.8276849,120.5133241,0.0
16,10,50.4614473,122.2992441,0.0
16,11,49.4943943,123.0764764,0.0
16,12,50.1658225,123.1935349,0.0
16,13,50.353866,123.2342142,0.0
16,14,50.2726419,123.1994582,0.0
16,15,50.3325732,123.1365021,0.0
16,16,50.3420826,123.1764825,0.0
16,17,50.2229353,123.104141,0.0
16,18,49.4758645,121.6739205,0.0
16,19,49.0572601,120.2362777,0.0
16,20,48.1027506,119.0370338,0.0
16,21,47.9696662,119.2822291,0.0
16,22,47.9874161,117.9956382,0.0
16,23,46.9993084,117.0007386,0.0
16,24,46.4350195,115.8966181,0.0
16,25,46.1342909,114.0300609,0.0
16,26,45.2087526,113.1429024,0.0
16,27,45.0631397,113.1718296,0.0
16,28,45.2460362,113.1479396,0.0
16,29,45.1563962,113.098616,0.0
16,30,45.2069222,113.1523955,0.0
16,31,45.201266,113.1148096,0.0
16,32,45.163367,113.061181,0.0
16,33,45.1590842,113.1148444,0.0
16,34,45.1411905,113.1223057,0.0
16,35,46.4367008,111.3058867,0.0
16,36,49.1195307,108.7329072,0.0
16,37,51.8723745,106.9407045,0.0
16,38,54.9114026,105.2665129,0.0
16,39,58.0657937,103.0546985,0.0
16,40,60.7479144,101.5419034,0.0
16,41,63.3420973,100.6582568,0.0
16,42,66.2032848,98.622687,0.0
16,43,68.9120427,95.1527583,0.0
16,44,68.9080777,95.0879026,0.0
16,45,69.0239848,94.9990265,0.0
16,46,68.9580141,95.0736084,0.0
16,47,69.0268086,95.073512,0.0
16,48,69.0423199,95.069327,0.0
16,49,69.0022395,95.0337858,0.0
16,50,68.9757496,95.1178815,0.0
16,51,69.6945329,94.5219814,0.0
16,52,70.1020295,94.2565665,0.0
16,53,70.0716846,93.060509,0.0
16,54,70.5143072,92.2887509,0.0
16,55,71.0439705,91.2849349,0.0
16,56,70.5146133,90.1738992,0.0
16,57,70.710342,89.3301949,0.0
16,58,70.7640385,89.3600657,0.0
16,59,70.7450713,89.4355346,0.0
16,60,70.6442644,89.340054,0.0
16,61,70.5771602,88.9976816,0.0
16,62,70.0789232,88.0625958,0.0
16,63,68.1522853,87.9638081,0.0
16,64,67.3142475,88.0567013,0.0
16,65,66.5688938,88.1571429,0.0
16,66,65.9637434,87.6495654,0.0
16,67,65.7163167,86.9899196,0.0
16,68,64.8554862,87.1634528,0.0
16,69,63.8665839,87.1000861,0.0
16,70,63.2011982,87.1228135,0.0
16,71,62.4513217,86.8534074,0.0
16,72,62.1340031,86.2595712,0.0
16,73,61.1633937,85.7905831,0.0
16,74,60.586769,85.7479239,0.0
16,75,60.4513841,85.4725222,0.0
16,76,59.0811946,85.3540184,0.0
16,77,58.6186112,85.5072158,0.0
16,78,57.8704831,85.1698939,0.0
16,79,57.8412062,85.0662691,0.0
16,80,57.7571154,85.1873163,0.0
16,81,57.2803206,85.9315682,0.0
16,82,56.869184,86.6409877,0.0
16,83,56.8212717,86.7603041,0.0
16,84,56.5515467,86.5635553,0.0
16,85,56.6128976,86.9450022,0.0
16,86,56.4649007,87.2491524,0.0
16,87,56.0105559,87.8108314,0.0
16,88,54.2317929,88.1226269,0.0
16,89,53.5148669,88.6871339,0.0
16,90,52.8637596,89.1047878,0.0
16,91,52.2358592,89.0504221,0.0
16,92,51.7992404,89.3336854,0.0
16,93,50.7870861,89.4629298,0.0
16,94,50.0381082,89.500549,0.0
16,95,49.9303438,89.7585912,0.0
16,96,49.9814412,90.2341232,0.0
16,97,49.3778087,90.2070655,0.0
16,98,49.5700143,90.050226,0.0
16,99,48.9466699,90.2561222,0.0
16,100,48.2267002,91.2156223,0.0
16,101,48.2118985,91.3376355,0.0
16,102,48.2288315,91.1931852,0.0
16,103,48.0982239,91.1210491,0.0
16,104,47.8751584,89.7284226,0.0
16,105,48.3218517,90.3052457,0.0
16,106,49.4264562,89.7870198,0.0
16,107,51.5724096,89.2103274,0.0
16,108,52.3828808,89.1608307,0.0
16,109,53.5988399,89.7681169,0.0
16,110,54.7737117,89.4006533,0.0
16,111,55.5327194,88.5655382,0.0
16,112,55.9830222,87.8401926,0.0
16,113,56.3311314,87.5188486,0.0
16,114,57.1319703,87.4061607,0.0
16,115,57.9483793,87.0245962,0.0
16,116,59.2223639,86.6352361,0.0
16,117,60.9946033,86.4146142,0.0
16,118,62.6533498,85.7067428,0.0
16,119,64.4595924,85.1666547,0.0
16,120,66.2395104,84.4194487,0.0
16,121,67.8041299,83.4296967,0.0
16,122,69.0922428,82.8922315,0.0
16,123,70.4711195,82.8916951,0.0
16,124,71.2991187,82.20666,0.0
16,125,72.2105004,81.6416597,0.0
16,126,72.6990691,81.5428974,0.0
16,127,73.3316268,81.3847947,0.0
16,128,74.1031582,81.9879535,0.0
16,129,75.3307897,82.710961,0.0
16,130,76.4593233,82.9022613,0.0
16,131,77.5224749,82.6892968,0.0
16,132,78.1211156,82.2133841,0.0
16,133,78.9374496,82.1317166,0.0
16,134,79.8136369,80.8067684,0.0
16,135,80.4571629,79.8915823,0.0
16,136,81.653341,79.3738476,0.0
16,137,83.0765019,79.7132348,0.0
16,138,84.2659607,79.9761473,0.0
16,139,85.5164048,79.7307029,0.0
16,140,87.3568909,78.9623996,0.0
16,141,87.1878384,79.2676648,0.0
16,142,84.8012248,79.8092227,0.0
16,143,83.8807112,80.7422508,0.0
16,144,81.4786849,82.1202541,0.0
16,145,79.1432709,82.9999799,0.0
16,146,77.1117155,82.9535326,0.0
16,147,76.0749647,81.918488,0.0
16,148,74.16038,81.5518676,0.0
16,149,71.4154007,81.6964156,0.0
16,150,69.9088477,81.911779,0.0
16,151,69.1581,82.6716623,0.0
16,152,68.9192045,83.1899778,0.0
16,153,68.3372963,83.3397865,0.0
16,154,68.9597252,83.9267548,0.0
16,155,69.7733726,83.637327,0.0
16,156,69.5081569,83.6659071,0.0
16,157,69.6829454,83.1873421,0.0
16,158,68.8663533,84.54917,0.0
16,159,68.3888136,85.257185,0.0
16,160,67.5673771,84.4749132,0.0
16,161,65.673577,84.1795378,0.0
16,162,64.809326,84.0266227,0.0
16,163,64.1081728,83.5039743,0.0
16,164,63.485664,83.842261,0.0
16,165,63.0214849,83.4957672,0.0
16,166,62.1311932,84.7396339,0.0
16,167,62.0289837,85.6025308,0.0
16,168,62.091634,85.8514427,0.0
16,169,61.6829813,86.1060051,0.0
16,170,61.5087039,86.6365188,0.0
16,171,61.227108,87.8335624,0.0
16,172,61.471801,88.82021,0.0
16,173,62.467147,89.2483022,0.0
16,174,63.9173913,89.7959814,0.0
16,175,64.8168046,90.0544085,0.0
16,176,65.160444,91.0827026,0.0
16,177,65.5966311,92.2291737,0.0
16,178,66.129208,93.8811614,0.0
16,179,65.8204687,95.005985,0.0
16,180,65.1730966,95.2496625,0.0
16,181,65.1498109,96.4772507,0.0
16,182,64.4532549,98.0926194,0.0
16,183,62.8652819,99.4898648,0.0
16,184,61.6591118,101.8234495,0.0
16,185,60.4786659,103.9436603,0.0
16,186,59.2767397,106.3643324,0.0
16,187,58.406791,108.0575154,0.0
16,188,58.2942816,109.8959952,0.0
16,189,57.9287461,111.1228035,0.0
16,190,58.1749188,113.3766084,0.0
16,191,57.8587409,114.0569723,0.0
16,192,56.6581852,114.4812541,0.0
16,193,56.0994362,114.661996,0.0
16,194,55.9661424,115.3652541,0.0
16,195,55.1600336,115.8877888,0.0
16,196,53.9732952,116.6586974,0.0
16,197,53.7472263,118.1102735,0.0
16,198,52.607937,119.7685356,0.0
16,199,52.11361,121.2478335,0.0
325,50,126.8127121,12.1446176,0.0
325,51,125.6672542,13.0991938,0.0
325,52,122.8044697,14.0156137,0.0
325,53,121.0328136,13.7181604,0.0
325,54,119.2217894,14.3546142,0.0
325,55,118.1422537,14.5953718,0.0
325,56,117.0837565,13.5609188,0.0
325,57,116.3074826,13.8591711,0.0
325,58,115.1160331,13.3302428,0.0
325,59,113.9807358,12.0244141,0.0
325,60,113.4328218,11.6894659,0.0
325,61,112.9221753,10.8481578,0.0
325,62,111.4792407,9.4880717,0.0
325,63,111.7985136,8.4890136,0.0
325,64,111.7438041,8.5979659,0.0
325,65,112.8258575,8.6291302,0.0
325,66,113.9791265,8.9930384,0.0
325,67,114.5999733,9.9695929,0.0
325,68,116.255004,10.410464,0.0
325,69,117.3503745,10.8453585,0.0
325,70,115.7977248,10.3804618,0.0
325,71,112.7907193,11.8639068,0.0
325,72,109.2020979,12.9258593,0.0
325,73,105.6095343,13.3791719,0.0
325,74,102.4264399,14.5264725,0.0
325,75,99.5670567,15.6933169,0.0
325,76,96.3972482,16.5456161,0.0
325,77,93.3242496,17.0484918,0.0
325,78,90.9055312,17.6905613,0.0
325,79,90.9676577,17.905059,0.0
325,80,90.912989,17.8259003,0.0
325,81,90.964306,17.8307629,0.0
325,82,91.3882908,20.3178658,0.0
325,83,91.9500701,22.8303339,0.0
325,84,92.925888,25.2130282,0.0
325,85,93.9072811,27.7815088,0.0
325,86,94.5776699,30.6499554,0.0
325,87,95.3689316,33.0910862,0.0
325,88,96.28314,35.6172196,0.0
325,89,97.0763082,38.0731952,0.0
325,90,97.0535446,38.1155018,0.0
325,91,97.0037074,38.1212256,0.0
325,92,97.0734658,38.1279223,0.0
325,93,97.7598768,37.2254271,0.0
325,94,98.1722413,36.2787336,0.0
325,95,99.027202,35.319116,0.0
325,96,99.9615575,34.4198065,0.0
325,97,101.0012096,33.5681304,0.0
325,98,101.9708473,32.3910403,0.0
325,99,102.8723142,30.8861411,0.0
325,100,103.5929152,30.0137848,0.0
325,101,104.2271541,29.4264111,0.0
325,102,105.2357204,28.684501,0.0
325,103,105.0735265,28.6196996,0.0
325,104,105.1732904,28.6891926,0.0
325,105,105.2233264,28.6468846,0.0
325,106,105.1362656,28.7238345,0.0
325,107,106.058434,27.9300355,0.0
325,108,105.1584121,27.0178022,0.0
325,109,105.9770937,27.7790837,0.0
325,110,106.642785,28.4386439,0.0
325,111,106.6612516,28.4235062,0.0
325,112,106.5841437,28.3598991,0.0
325,113,106.5756614,28.3421538,0.0
325,114,106.6106837,28.4832406,0.0
325,115,106.6126958,28.4480715,0.0
325,116,106.6287709,28.48037,0.0
325,117,106.6856847,28.5404799,0.0
325,118,106.626377,28.4792464,0.0
325,119,106.6143127,28.4871344,0.0
325,120,106.6226641,28.4443731,0.0
325,121,106.6682042,28.4997322,0.0
325,122,106.6275331,28.447834,0.0
325,123,106.5340387,28.4604939,0.0
325,124,106.5599836,28.4021204,0.0
325,125,106.8825284,29.7341721,0.0
325,126,106.8126605,29.6879711,0.0
325,127,106.7066728,29.8949287,0.0
325,128,106.1832379,30.4482305,0.0
325,129,106.1899317,30.5168041,0.0
325,130,105.5196341,31.061639,0.0
325,131,104.9030415,31.6917454,0.0
325,132,103.9329566,32.687052,0.0
325,133,104.9342506,31.5967713,0.0
325,134,105.2796491,31.2534824,0.0
325,135,106.3083966,30.5144254,0.0
325,136,106.2131235,30.6380845,0.0
325,137,106.06053,30.6026393,0.0
325,138,106.1597082,30.5532614,0.0
325,139,106.2248581,30.5347701,0.0
325,140,106.1634395,30.5326404,0.0
325,141,104.9241582,29.7127625,0.0
325,142,103.7026151,28.3993402,0.0
325,143,102.9449326,27.3027444,0.0
325,144,101.6211621,26.5706877,0.0
325,145,101.5589933,26.7139207,0.0
325,146,101.5725063,26.7244048,0.0
325,147,101.1221292,28.1795527,0.0
325,148,100.9052524,29.5903675,0.0
325,149,100.6771281,30.7512232,0.0
325,150,100.2686495,31.354393,0.0
325,151,100.0821792,32.5646452,0.0
325,152,100.0238588,33.7862543,0.0
325,153,99.8583606,34.4833159,0.0
325,154,99.8928597,35.2161325,0.0
325,155,100.0261145,35.8707378,0.0
325,156,100.1716305,36.4267388,0.0
325,157,100.4019919,36.9641571,0.0
325,158,100.6021283,37.5604329,0.0
325,159,100.8450008,38.0936311,0.0
325,160,101.2632972,39.0610714,0.0
325,161,101.6711733,40.1093161,0.0
325,162,102.0591324,40.8280138,0.0
325,163,102.4140755,41.5915776,0.0
325,164,102.2508956,42.019044,0.0
325,165,102.2199527,42.4999364,0.0
325,166,102.4341832,42.7714189,0.0
325,167,102.2072543,43.098672,0.0
325,168,102.4129684,43.7589673,0.0
325,169,102.5578585,43.7671252,0.0
325,170,102.4219965,43.7831558,0.0
325,171,102.4651665,43.7121113,0.0
325,172,102.547987,43.7950773,0.0
325,173,102.412732,43.8332409,0.0
325,174,102.4046092,43.7045313,0.0
325,175,101.734095,41.7966117,0.0
325,176,100.8490545,40.0033341,0.0
325,177,99.8767647,38.0272219,0.0
325,178,99.1293932,35.9056905,0.0
325,179,98.4790615,34.2173669,0.0
325,180,97.5584137,32.526719,0.0
325,181,96.9971855,30.6791845,0.0
325,182,96.0461114,28.5428471,0.0
325,183,95.1344179,26.3273478,0.0
325,184,94.1952646,24.3304474,0.0
325,185,93.4563001,22.4087366,0.0
325,186,92.5050336,20.2480891,0.0
325,187,91.2585046,18.2520484,0.0
325,188,91.2584884,18.2394557,0.0
325,189,91.3478166,18.297156,0.0
325,190,91.1968916,18.3676333,0.0
325,191,91.0454212,19.305977,0.0
325,192,93.08872,19.4719887,0.0
325,193,94.129121,18.871857,0.0
325,194,95.410366,18.2547623,0.0
325,195,96.2064037,18.1773052,0.0
325,196,96.0045654,19.2892684,0.0
325,197,95.9526586,19.9428146,0.0
325,198,95.9721199,21.2977928,0.0
325,199,96.906766,23.5845659,0.0
329,57,35.841505,126.7551712,0.0
329,58,35.9539663,125.7384851,0.0
329,59,36.0505532,123.7674113,0.0
329,60,35.9889764,123.7917116,0.0
329,61,36.0788722,123.7468763,0.0
329,62,35.925802,123.7997264,0.0
329,63,35.9849465,123.695367,0.0
329,64,35.9932764,123.7555074,0.0
329,65,36.0436537,123.7181741,0.0
329,66,35.5846066,121.7809192,0.0
329,67,35.6902779,121.8428703,0.0
329,68,35.670813,121.8332407,0.0
329,69,35.6634012,121.7972567,0.0
329,70,35.6581868,121.7411732,0.0
329,71,35.6597535,121.8624573,0.0
329,72,35.5877901,121.7414506,0.0
329,73,35.6973705,121.7785235,0.0
329,74,35.7592958,121.7767581,0.0
329,75,35.7120189,121.8101412,0.0
329,76,35.6581777,121.7271332,0.0
329,77,35.6429984,121.8107983,0.0
329,78,35.6846486,121.779887,0.0
329,79,35.8345939,121.7161505,0.0
329,80,35.7122842,121.7622966,0.0
329,81,35.7446648,121.7846956,0.0
329,82,35.6614703,121.7930462,0.0
329,83,35.7340906,121.834302,0.0
329,84,35.6667704,121.7850336,0.0
329,85,35.6444345,121.8436283,0.0
329,86,35.635662,121.8326756,0.0
329,87,37.6402369,119.1461405,0.0
329,88,40.4774675,116.1660074,0.0
329,89,40.5244261,116.3251855,0.0
329,90,40.6010675,116.3245006,0.0
329,91,40.5794281,116.3217278,0.0
329,92,40.687572,115.9356139,0.0
329,93,40.8087114,115.3286026,0.0
329,94,40.9225354,114.8316131,0.0
329,95,40.8697047,114.5919338,0.0
329,96,40.4836477,114.3307626,0.0
329,97,39.9083096,114.1465169,0.0
329,98,39.2227637,114.1382204,0.0
329,99,38.363618,114.0826087,0.0
329,100,37.8587574,113.9828087,0.0
329,101,37.4170391,113.9289541,0.0
329,102,36.925561,114.0845496,0.0
329,103,36.6275309,114.0232968,0.0
329,104,36.4859713,114.14901,0.0
329,105,36.4120081,114.8072043,0.0
329,106,36.2239704,115.0373047,0.0
329,107,35.9660944,115.1207981,0.0
329,108,35.6741411,115.1222367,0.0
329,109,35.0339168,115.1358264,0.0
329,110,34.1878607,115.3616793,0.0
329,111,33.2605179,115.3626809,0.0
329,112,32.4793442,115.4537398,0.0
329,113,31.8337816,115.6392049,0.0
329,114,31.3211869,115.6617281,0.0
329,115,30.6541715,115.7685266,0.0
329,116,29.8168965,116.0208478,0.0
329,117,28.6696282,116.6286935,0.0
329,118,27.8203435,116.7983593,0.0
329,119,26.9801922,117.1730894,0.0
329,120,26.6362825,117.9065323,0.0
329,121,26.3052775,118.3869204,0.0
329,122,26.0168664,119.0289528,0.0
329,123,25.6530744,119.3458506,0.0
329,124,25.3123709,119.4071954,0.0
329,125,24.885915,119.5751443,0.0
329,126,24.4046052,119.9234824,0.0
329,127,24.117275,120.1885768,0.0
329,128,24.0993472,120.0544607,0.0
329,129,23.5742174,120.823402,0.0
329,130,23.594941,120.7195228,0.0
329,131,23.03787,120.8455252,0.0
329,132,22.6120467,120.1842584,0.0
329,133,22.1272941,120.0575404,0.0
329,134,21.5421302,120.1671705,0.0
329,135,21.2295765,120.0194987,0.0
329,136,20.7442991,120.1306581,0.0
329,137,20.1392671,120.3407054,0.0
329,138,19.5202756,120.8469222,0.0
329,139,19.0018835,120.98472,0.0
329,140,18.9072306,121.1893004,0.0
329,141,18.5469441,121.1193576,0.0
329,142,18.5195157,121.3140701,0.0
329,143,17.7759928,122.9165524,0.0
329,144,17.1278089,122.7467721,0.0
329,145,16.4951054,123.0514587,0.0
329,146,15.59897,123.3486138,0.0
329,147,15.057209,123.4877174,0.0
329,148,14.5567545,123.3379545,0.0
329,149,13.8940441,123.2505769,0.0
329,150,13.5259637,123.2801816,0.0
329,151,13.7738659,123.1570241,0.0
329,152,13.7880468,122.8450824,0.0
329,153,13.4764173,123.0379696,0.0
329,154,13.5709872,123.0314388,0.0
329,155,12.9173961,122.9810959,0.0
329,156,12.7848137,122.6399132,0.0
329,157,12.7857983,122.6782854,0.0
329,158,12.7879616,122.597721,0.0
329,159,12.7049915,122.6217257,0.0
329,160,12.9300353,120.7814392,0.0
329,161,13.3430748,118.4956754,0.0
329,162,13.9367232,116.6182829,0.0
329,163,14.0225275,114.3420877,0.0
329,164,14.1283756,112.0778022,0.0
329,165,14.4616541,110.2112342,0.0
329,166,14.6294876,108.0883703,0.0
329,167,14.7592311,105.9955277,0.0
329,168,14.8606029,104.0011275,0.0
329,169,15.331913,102.1207,0.0
329,170,15.8842649,100.130522,0.0
329,171,15.8788091,97.9391961,0.0
329,172,16.0324584,95.9610091,0.0
329,173,16.0934223,93.7704075,0.0
329,174,16.7168262,91.3420175,0.0
329,175,17.0929805,88.5353427,0.0
329,176,17.3858686,85.9238035,0.0
329,177,17.7006629,83.0399974,0.0
329,178,17.9108724,80.9426104,0.0
329,179,17.9477169,78.8363661,0.0
329,180,18.2215708,76.4258696,0.0
329,181,18.399419,74.3174636,0.0
329,182,18.7487686,72.4290486,0.0
329,183,19.0240403,69.9586456,0.0
329,184,19.1537392,67.7990734,0.0
329,185,19.035966,65.4788021,0.0
329,186,18.8831218,63.4935764,0.0
329,187,18.7227382,61.0898475,0.0
329,188,18.5931626,58.9593871,0.0
329,189,18.8190717,57.202064,0.0
329,190,18.6736208,57.2558986,0.0
329,191,20.0769096,56.4738565,0.0
329,192,21.0478871,55.3977998,0.0
329,193,21.7765402,54.0738427,0.0
329,194,22.2616726,53.0631972,0.0
329,195,22.9805623,52.2951816,0.0
329,196,23.3177314,51.2429543,0.0
329,197,23.8324784,50.4253984,0.0
329,198,23.8820579,50.385399,0.0
329,199,23.7639687,50.4804282,0.0
334,68,90.6268062,69.4866861,0.0
334,69,91.3063186,68.2624647,0.0
334,70,91.9673554,66.0842064,0.0
334,71,92.2522618,64.8061509,0.0
334,72,92.2521631,63.835895,0.0
334,73,92.9698595,63.3858677,0.0
334,74,93.85172,62.9808741,0.0
334,75,94.7166441,61.7617847,0.0
334,76,95.8713293,60.027624,0.0
334,77,96.8772563,58.5153721,0.0
334,78,98.4870797,56.8860983,0.0
334,79,98.965951,55.6782123,0.0
334,80,99.0050865,54.9982979,0.0
334,81,99.6026421,53.7272223,0.0
334,82,100.471863,52.6282379,0.0
334,83,102.2817704,52.1793241,0.0
334,84,102.298181,52.130473,0.0
334,85,102.3530277,52.0993817,0.0
334,86,102.3147164,52.0862476,0.0
334,87,102.3459823,52.0812984,0.0
334,88,102.2163931,52.1549629,0.0
334,89,102.2637617,52.2006767,0.0
334,90,101.8079487,50.4098299,0.0
334,91,101.7837478,50.3984396,0.0
334,92,101.8815385,50.3812363,0.0
334,93,102.1066845,49.7372151,0.0
334,94,102.1691954,49.8230786,0.0
334,95,101.5139712,49.1960941,0.0
334,96,101.4572598,49.2237473,0.0
334,97,101.3992965,49.2420082,0.0
334,98,101.4293146,49.2798783,0.0
334,99,101.4410452,49.2125066,0.0
334,100,101.4561585,49.2517673,0.0
334,101,102.6010265,50.019093,0.0
334,102,102.6205669,50.0247401,0.0
334,103,102.5528111,50.027378,0.0
334,104,102.5839296,49.985231,0.0
334,105,102.6038992,50.1077639,0.0
334,106,102.6465146,50.0366623,0.0
334,107,102.5665238,49.400827,0.0
334,108,103.3250349,49.1073412,0.0
334,109,103.6616889,48.4029053,0.0
334,110,103.4418666,47.095659,0.0
334,111,103.8342755,46.515697,0.0
334,112,103.3880438,45.7055199,0.0
334,113,102.1846565,43.9810415,0.0
334,114,101.660638,42.6577897,0.0
334,115,101.1291088,41.020538,0.0
334,116,100.9815921,39.2417707,0.0
334,117,100.4481388,37.7184447,0.0
334,118,100.9005488,37.6708823,0.0
334,119,101.5933663,36.7477958,0.0
334,120,102.3731873,35.0997169,0.0
334,121,103.172149,33.9973759,0.0
334,122,103.0296992,34.1026503,0.0
334,123,103.9409175,34.1266993,0.0
334,124,103.9711396,34.1305928,0.0
334,125,103.9938687,34.1630829,0.0
334,126,103.6087862,33.083361,0.0
334,127,103.6364747,33.3638303,0.0
334,128,102.6613343,33.8906859,0.0
334,129,102.1518324,34.9138633,0.0
334,130,101.5868049,35.336227,0.0
334,131,102.3387886,36.2200303,0.0
334,132,102.9594225,37.2761357,0.0
334,133,104.4137414,38.7486349,0.0
334,134,106.6303314,39.8631325,0.0
334,135,108.2709993,40.654092,0.0
334,136,109.4136852,41.4928626,0.0
334,137,109.7821101,42.3279062,0.0
334,138,109.783165,42.3082022,0.0
334,139,109.7077799,42.4143098,0.0
334,140,109.8281384,42.1842147,0.0
334,141,109.7197682,42.0784173,0.0
334,142,109.7907727,42.1562703,0.0
334,143,109.7169816,42.1138205,0.0
334,144,109.0306343,42.0036965,0.0
334,145,109.4373348,41.8926892,0.0
334,146,109.4252592,42.0069252,0.0
334,147,109.4330677,41.9369491,0.0
334,148,109.508767,41.8519444,0.0
334,149,109.4452275,41.9092139,0.0
334,150,109.4749658,41.8981255,0.0
334,151,109.4200046,41.934127,0.0
334,152,109.353551,41.9756436,0.0
334,153,109.4840517,41.9093816,0.0
334,154,109.4628979,41.9451887,0.0
334,155,109.3541343,41.9421721,0.0
334,156,109.3496711,41.9696432,0.0
334,157,109.4829043,41.9310114,0.0
334,158,109.4455953,41.9155901,0.0
334,159,109.4002925,41.9206791,0.0
334,160,108.9186649,42.2351108,0.0
334,161,108.952009,42.243868,0.0
334,162,108.8592568,42.2337836,0.0
334,163,108.8480741,42.303883,0.0
334,164,108.9948676,42.3431506,0.0
334,165,108.8762889,42.224629,0.0
334,166,108.8483985,42.3084106,0.0
334,167,108.9207169,42.3370099,0.0
334,168,108.9408593,42.2067689,0.0
334,169,108.8574454,42.2317838,0.0
334,170,108.8761365,42.2115177,0.0
334,171,108.8204719,42.1246978,0.0
334,172,108.881342,42.0890368,0.0
334,173,108.8035406,42.0574406,0.0
334,174,108.8009347,41.986874,0.0
334,175,108.8721865,42.116464,0.0
334,176,108.8516158,42.1930648,0.0
334,177,108.881482,42.0875856,0.0
334,178,108.8143808,42.1257815,0.0
334,179,108.8354058,42.0442391,0.0
334,180,108.8989713,42.0676816,0.0
334,181,108.8799809,42.1226708,0.0
334,182,108.8117554,42.100217,0.0
334,183,108.8477391,42.1378667,0.0
334,184,108.8794789,42.1563003,0.0
334,185,108.7514249,42.0934456,0.0
334,186,108.8317962,42.1238517,0.0
334,187,108.8971667,42.1605196,0.0
334,188,108.8326611,42.1415698,0.0
334,189,108.919513,42.0506428,0.0
334,190,108.8112691,42.0347534,0.0
334,191,108.8493138,42.2045185,0.0
334,192,108.8277016,42.1440904,0.0
334,193,108.868479,42.0447965,0.0
334,194,110.4071948,41.3315045,0.0
334,195,111.8682745,40.7105336,0.0
334,196,112.2284616,39.7172655,0.0
334,197,112.9444263,38.8155572,0.0
334,198,113.0035531,38.8106709,0.0
334,199,111.7339698,40.3075884,0.0
336,69,66.6419773,15.2026296,0.0
336,70,66.3785123,15.1459789,0.0
336,71,66.3679561,15.0675923,0.0
336,72,66.4826742,15.2448886,0.0
336,73,66.4119678,15.2525056,0.0
336,74,66.76233,16.2083011,0.0
336,75,66.5135944,16.069197,0.0
336,76,66.4505679,15.3062172,0.0
336,77,66.3070409,16.0039457,0.0
336,78,67.478826,16.7895458,0.0
336,79,67.4713278,16.8377042,0.0
336,80,67.5369077,16.7377189,0.0
336,81,68.1714256,16.2346501,0.0
336,82,68.173449,16.2390371,0.0
336,83,68.1342358,16.1803465,0.0
336,84,68.1515525,16.2392722,0.0
336,85,68.0008616,16.4531431,0.0
336,86,68.0105368,16.4607961,0.0
336,87,67.945902,16.5888984,0.0
336,88,68.0276384,16.4967004,0.0
336,89,68.5326819,17.1667762,0.0
336,90,67.8611812,17.3524569,0.0
336,91,67.9340663,17.824097,0.0
336,92,68.094895,18.1410393,0.0
336,93,67.9757689,18.1576284,0.0
336,94,70.3564959,18.9406837,0.0
336,95,72.0779998,18.5027761,0.0
336,96,73.4207352,18.256741,0.0
336,97,74.2165228,17.4550858,0.0
336,98,75.2821635,15.6156207,0.0
336,99,77.0153536,14.8196662,0.0
336,100,77.0089549,13.9518397,0.0
336,101,78.0512935,13.586018,0.0
336,102,79.1067679,13.9763845,0.0
336,103,80.3580501,14.0180606,0.0
336,104,82.6253555,13.1285188,0.0
336,105,84.0337171,12.8468487,0.0
336,106,85.3188964,12.6465636,0.0
336,107,86.4000664,12.9383136,0.0
336,108,86.3646861,13.0099271,0.0
336,109,86.499035,12.8261592,0.0
336,110,86.367455,12.9925809,0.0
336,111,86.4311125,12.987727,0.0
336,112,86.3982909,12.925421,0.0
336,113,86.3970388,12.8567615,0.0
336,114,86.4022417,12.902581,0.0
336,115,86.2999164,12.9835248,0.0
336,116,86.2556427,12.955427,0.0
336,117,86.3970879,12.9536634,0.0
336,118,86.4005236,12.9437881,0.0
336,119,86.3739564,12.9504157,0.0
336,120,86.2863784,12.924401,0.0
336,121,85.6530869,13.9137324,0.0
336,122,85.6409551,16.1005984,0.0
336,123,86.3761418,18.0725403,0.0
336,124,86.6495822,19.4991932,0.0
336,125,86.2688945,20.2870763,0.0
336,126,85.7604987,21.9979355,0.0
336,127,86.9723446,23.6076908,0.0
336,128,88.0524287,24.90939,0.0
336,129,90.8448259,26.0498875,0.0
336,130,91.4329786,27.4635595,0.0
336,131,91.8331381,28.1626785,0.0
336,132,92.0310222,28.7446448,0.0
336,133,92.4119691,28.5746623,0.0
336,134,92.1034543,28.969484,0.0
336,135,92.2546168,29.6043815,0.0
336,136,92.3037923,29.6070159,0.0
336,137,92.1487473,29.5676397,0.0
336,138,91.6109912,29.2975934,0.0
336,139,91.5145988,29.1250123,0.0
336,140,91.6010512,29.1259582,0.0
336,141,91.9978444,32.6666837,0.0
336,142,92.9328984,35.2280694,0.0
336,143,93.7783765,37.1818801,0.0
336,144,93.8192678,39.1414051,0.0
336,145,94.8552255,41.7299703,0.0
336,146,95.2577457,44.5375736,0.0
336,147,95.0316246,45.7420084,0.0
336,148,94.0897002,47.8957383,0.0
336,149,93.9943839,49.0618672,0.0
336,150,93.7902712,49.9808679,0.0
336,151,93.9868093,50.8281875,0.0
336,152,94.0572829,51.7093046,0.0
336,153,94.0970943,52.1014371,0.0
336,154,93.1195741,52.9780209,0.0
336,155,92.9964153,54.7230544,0.0
336,156,92.7224108,55.5818876,0.0
336,157,93.3749879,57.0494753,0.0
336,158,94.2048044,58.854158,0.0
336,159,95.1523842,60.5100254,0.0
336,160,95.0168459,61.5583477,0.0
336,161,95.0380582,62.415932,0.0
336,162,94.2206765,63.8230715,0.0
336,163,94.0932587,65.0269716,0.0
336,164,93.7211905,65.3160176,0.0
336,165,93.0245601,67.1275541,0.0
336,166,92.954049,68.1316062,0.0
336,167,93.2074201,69.1424585,0.0
336,168,93.0651337,70.7739434,0.0
336,169,92.8558739,72.3617794,0.0
336,170,92.8625832,76.0671609,0.0
336,171,94.3200547,78.5452068,0.0
336,172,95.0138347,80.7771312,0.0
336,173,96.0250118,83.8464035,0.0
336,174,96.6287413,85.8754681,0.0
336,175,98.304651,87.1575762,0.0
336,176,98.840773,88.1069265,0.0
336,177,99.6478766,88.8419416,0.0
336,178,100.3552045,89.9207265,0.0
336,179,101.1848563,91.217316,0.0
336,180,102.2390933,92.4329079,0.0
336,181,102.9293863,94.0604001,0.0
336,182,103.7329172,94.2039131,0.0
336,183,104.0257937,95.8889371,0.0
336,184,104.2689515,96.6862672,0.0
336,185,104.6271641,97.2038512,0.0
336,186,104.8170111,98.9334695,0.0
336,187,104.3997475,100.3764508,0.0
336,188,103.5253334,103.3223713,0.0
336,189,102.3449241,105.531135,0.0
336,190,102.3221088,107.214168,0.0
336,191,101.9234209,109.1482278,0.0
336,192,101.9193183,110.2371168,0.0
336,193,102.0435401,111.1047214,0.0
336,194,102.2525281,112.432325,0.0
336,195,102.2486813,114.44309,0.0
336,196,102.3184234,116.1865142,0.0
336,197,102.6891934,117.9864841,0.0
336,198,101.8618181,119.394024,0.0
336,199,101.7930866,121.1861548,0.0
348,95,63.8814113,77.8095763,0.0
348,96,65.5054352,78.3554649,0.0
348,97,66.9314028,79.0931712,0.0
348,98,68.3769714,79.6969458,0.0
348,99,69.870207,80.3769784,0.0
348,100,71.1139183,81.2085276,0.0
348,101,72.5122348,82.0452325,0.0
348,102,73.9459276,82.9018996,0.0
348,103,75.2796081,83.8057673,0.0
348,104,76.6585175,84.6249333,0.0
348,105,77.9973529,85.0221132,0.0
348,106,79.4259902,85.6387534,0.0
348,107,80.8639731,86.0156116,0.0
348,108,82.1192051,86.5208363,0.0
348,109,83.3843963,87.1283444,0.0
348,110,84.7568006,87.955781,0.0
348,111,86.1778434,88.9159695,0.0
348,112,87.4910611,89.7602533,0.0
348,113,88.6755585,90.5226227,0.0
348,114,88.6700749,90.4402593,0.0
348,115,88.6934272,90.6031663,0.0
348,116,88.6471065,90.5650678,0.0
348,117,88.7085744,90.53885,0.0
348,118,88.6327995,90.4711073,0.0
348,119,87.609949,92.5062073,0.0
348,120,87.7762314,92.5387046,0.0
348,121,86.4583532,92.4810296,0.0
348,122,85.1568017,92.5226772,0.0
348,123,84.0304379,92.5769108,0.0
348,124,82.5604042,92.346965,0.0
348,125,81.2486624,92.3085056,0.0
348,126,79.9578833,92.028746,0.0
348,127,78.8845259,91.9662842,0.0
348,128,77.8398067,92.0406198,0.0
348,129,77.7995512,91.9663505,0.0
348,130,77.8126811,91.9895116,0.0
348,131,80.0986311,92.8315292,0.0
348,132,80.2921237,92.8080091,0.0
348,133,81.4158808,93.1741842,0.0
348,134,81.440603,93.2034766,0.0
348,135,79.0082779,95.6533672,0.0
348,136,76.6188113,98.0896441,0.0
348,137,76.5100154,98.1733528,0.0
348,138,76.5553984,98.002118,0.0
348,139,77.9126613,98.3036252,0.0
348,140,77.9264036,98.2741401,0.0
348,141,77.919642,98.3078278,0.0
348,142,77.8599669,98.2321091,0.0
348,143,77.978078,98.2576723,0.0
348,144,77.9365641,98.2126267,0.0
348,145,77.9581354,98.2580338,0.0
348,146,77.9683013,98.1748543,0.0
348,147,77.9536498,98.2987741,0.0
348,148,77.9145287,98.2715983,0.0
348,149,77.0891088,99.2239217,0.0
348,150,76.1187706,100.3612545,0.0
348,151,75.6322649,101.420471,0.0
348,152,74.956212,102.8960456,0.0
348,153,74.0575425,104.0814556,0.0
348,154,73.1657861,105.250242,0.0
348,155,72.5310972,106.6449886,0.0
348,156,72.1447279,108.0211048,0.0
348,157,71.529476,109.5495018,0.0
348,158,70.96139,110.7545536,0.0
348,159,70.3866905,112.1183909,0.0
348,160,69.7630772,113.7707157,0.0
348,161,69.0667252,115.0108753,0.0
348,162,68.6771467,116.0361897,0.0
348,163,68.1547983,117.4024057,0.0
348,164,68.1564313,117.3760917,0.0
348,165,68.1431995,117.4148401,0.0
348,166,66.7731555,116.986747,0.0
348,167,65.3831226,116.4567328,0.0
348,168,63.9999522,115.9252623,0.0
348,169,62.7436108,115.3278675,0.0
348,170,61.2184642,115.066192,0.0
348,171,59.976413,114.9727795,0.0
348,172,58.605265,114.8020431,0.0
348,173,57.3247687,114.5996093,0.0
348,174,55.9365097,114.0080885,0.0
348,175,54.7165586,113.9041341,0.0
348,176,53.2615751,113.4943328,0.0
348,177,51.8238984,113.3847937,0.0
348,178,50.4556472,112.3683129,0.0
348,179,49.6265528,112.1833801,0.0
348,180,48.3555364,113.0332315,0.0
348,181,47.9747455,113.4670278,0.0
348,182,49.1378362,115.5339208,0.0
348,183,47.9752104,114.4546358,0.0
348,184,46.7146431,114.1084144,0.0
348,185,46.4618754,115.2631759,0.0
348,186,45.3930865,115.5819601,0.0
348,187,43.9144024,117.1627355,0.0
348,188,42.6634076,118.0417734,0.0
348,189,42.1257092,117.4535784,0.0
348,190,41.083868,119.1716512,0.0
348,191,41.9285735,121.8686703,0.0
348,192,40.7508801,124.0648199,0.0
348,193,39.8199584,124.8999669,0.0
348,194,39.716226,124.8506822,0.0
348,195,39.7884867,124.8132751,0.0
348,196,39.7847888,124.791952,0.0
348,197,41.5691931,121.8114472,0.0
348,198,43.2286444,119.3891335,0.0
348,199,44.3529525,117.3848153,0.0
350,106,46.6134545,92.3322625,0.0
350,107,48.2192185,91.2632927,0.0
350,108,48.2051425,91.2874745,0.0
350,109,48.1957638,91.2249234,0.0
350,110,48.3297128,91.2494794,0.0
350,111,48.2020046,91.2879182,0.0
350,112,48.194684,91.1348131,0.0
350,113,48.2932644,91.3023092,0.0
350,114,48.2623559,91.2591254,0.0
350,115,49.6330565,92.0242008,0.0
350,116,50.7701425,92.882497,0.0
350,117,51.7156128,94.1223229,0.0
350,118,52.2422806,95.4861568,0.0
350,119,52.9944158,97.1828585,0.0
350,120,54.0065238,98.9923093,0.0
350,121,54.1873124,100.8037142,0.0
350,122,54.767207,102.0580098,0.0
350,123,55.35284,103.6372743,0.0
350,124,55.9499807,105.5191782,0.0
350,125,57.1954063,106.9454341,0.0
350,126,58.2100903,108.6831696,0.0
350,127,59.7111617,109.4925856,0.0
350,128,61.3917075,110.262087,0.0
350,129,63.0325344,111.0013916,0.0
350,130,65.1210275,111.5366107,0.0
350,131,67.4540653,113.3573903,0.0
350,132,69.133128,115.0143188,0.0
350,133,71.1893106,116.6527855,0.0
350,134,73.1109194,117.7351128,0.0
350,135,74.9958319,118.8087372,0.0
350,136,76.9670759,119.7731024,0.0
350,137,78.7612859,120.0355066,0.0
350,138,79.5943468,120.4650386,0.0
350,139,80.1907978,121.3663008,0.0
350,140,81.0494997,122.2184989,0.0
350,141,82.0293266,124.0402734,0.0
350,142,82.1260784,124.0083584,0.0
350,143,82.0662745,124.0522743,0.0
350,144,82.0396355,124.0443827,0.0
350,145,83.4199238,122.9595914,0.0
350,146,84.5695324,121.7955932,0.0
350,147,85.0058775,120.3691782,0.0
350,148,85.7584774,118.6825851,0.0
350,149,85.7032001,118.655982,0.0
350,150,85.6804862,118.7129882,0.0
350,151,85.7117375,118.6567205,0.0
350,152,82.6320307,118.2149134,0.0
350,153,79.4789051,117.5883248,0.0
350,154,76.7960574,116.6513954,0.0
350,155,74.6446245,115.8290364,0.0
350,156,72.7813693,114.5353337,0.0
350,157,70.3113067,113.1498275,0.0
350,158,67.9124232,111.7545643,0.0
350,159,65.791446,110.1887303,0.0
350,160,63.5592621,108.9486415,0.0
350,161,60.7045157,106.9762645,0.0
350,162,57.8961969,105.9982341,0.0
350,163,54.7911007,104.7236677,0.0
350,164,51.8978034,103.611518,0.0
350,165,48.8961101,101.9624534,0.0
350,166,46.8924412,100.9368511,0.0
350,167,44.0729013,99.4196886,0.0
350,168,40.7696351,98.0680086,0.0
350,169,37.5159326,96.4565724,0.0
350,170,34.0908221,94.9696949,0.0
350,171,34.0699333,94.9792697,0.0
350,172,34.1271391,94.9903078,0.0
350,173,34.0526845,97.8273969,0.0
350,174,34.9215388,100.5235888,0.0
350,175,35.7565512,103.5973325,0.0
350,176,36.846059,106.7092075,0.0
350,177,37.5800971,109.6136238,0.0
350,178,38.2387006,112.4001023,0.0
350,179,38.4226444,112.3124191,0.0
350,180,40.0161707,111.0822314,0.0
350,181,41.4554278,109.9938356,0.0
350,182,42.9284829,109.1771961,0.0
350,183,44.4875302,109.0195678,0.0
350,184,46.1140573,107.9940593,0.0
350,185,47.9001988,106.7508221,0.0
350,186,49.6438138,105.022843,0.0
350,187,51.1013395,103.9755826,0.0
350,188,52.971327,102.9877149,0.0
350,189,54.7671967,101.9953126,0.0
350,190,56.915665,100.7510246,0.0
350,191,58.7250983,98.7894418,0.0
350,192,59.9219289,97.1660254,0.0
350,193,60.9194302,95.6134085,0.0
350,194,62.3207002,94.160808,0.0
350,195,62.1997675,94.2225025,0.0
350,196,62.3788844,94.2355022,0.0
350,197,62.3600052,94.1126415,0.0
350,198,62.3924865,94.2080106,0.0
350,199,62.3894376,94.2236305,0.0
351,119,63.8538142,67.9728719,0.0
351,120,65.1563491,65.3584405,0.0
351,121,64.4653949,63.0053234,0.0
351,122,65.084385,61.0527796,0.0
351,123,65.228743,59.2747082,0.0
351,124,65.287988,57.3346508,0.0
351,125,65.3969028,54.9029685,0.0
351,126,64.9499857,52.5166585,0.0
351,127,64.4807278,51.187066,0.0
351,128,63.3925707,48.3977325,0.0
351,129,62.9012206,46.9509405,0.0
351,130,62.7292734,45.730389,0.0
351,131,62.5158882,43.6708106,0.0
351,132,62.677513,41.4370136,0.0
351,133,63.7734971,39.2250788,0.0
351,134,65.1128338,37.7380313,0.0
351,135,65.0878207,36.5913998,0.0
351,136,65.6904715,36.1258069,0.0
351,137,67.0091522,35.2853997,0.0
351,138,67.6180511,35.0586264,0.0
351,139,68.1365037,33.5011623,0.0
351,140,69.5479262,32.101026,0.0
351,141,70.9609696,30.7595512,0.0
351,142,72.1416189,30.3738065,0.0
351,143,73.0756963,29.8977053,0.0
351,144,73.9361204,27.8888112,0.0
351,145,74.6469685,25.8549104,0.0
351,146,74.7282382,22.8962203,0.0
351,147,74.0988235,21.9310317,0.0
351,148,74.1257195,21.8275749,0.0
351,149,74.1170934,21.8730272,0.0
351,150,74.0380905,21.8562404,0.0
351,151,74.0803825,21.8662293,0.0
351,152,74.1206519,21.8095963,0.0
351,153,74.0818772,21.7493439,0.0
351,154,74.1795991,21.8395723,0.0
351,155,74.1002002,21.8780852,0.0
351,156,74.1429329,21.90538,0.0
351,157,74.1690157,21.8751201,0.0
351,158,74.136216,21.8436183,0.0
351,159,74.0442584,21.9077426,0.0
351,160,74.1455474,21.9168894,0.0
351,161,74.0661789,21.9345238,0.0
351,162,72.6218967,21.9813408,0.0
351,163,72.0279595,21.6090959,0.0
351,164,71.14742,21.4678311,0.0
351,165,70.7400861,21.9733351,0.0
351,166,70.2015383,21.9324318,0.0
351,167,69.5953506,22.2289565,0.0
351,168,68.9127188,22.0684529,0.0
351,169,68.9239859,22.0595521,0.0
351,170,68.7572248,20.8760931,0.0
351,171,68.0937478,20.6335361,0.0
351,172,67.1230002,19.1711692,0.0
351,173,64.2598373,17.8453699,0.0
351,174,61.972115,17.8958593,0.0
351,175,62.0826691,17.8889995,0.0
351,176,62.0516915,17.854559,0.0
351,177,62.0921892,17.8809644,0.0
351,178,62.1529257,17.8781841,0.0
351,179,62.0602684,17.9046376,0.0
351,180,62.0484491,17.7924602,0.0
351,181,62.1238192,17.8693561,0.0
351,182,62.1403153,17.8267187,0.0
351,183,62.0096479,17.8836872,0.0
351,184,62.0091675,17.8682345,0.0
351,185,63.7314364,16.5685153,0.0
351,186,65.754349,16.1518576,0.0
351,187,65.6331451,16.0100224,0.0
351,188,65.6832737,16.0942986,0.0
351,189,65.8302557,16.1971392,0.0
351,190,65.665765,16.0832301,0.0
351,191,65.7384655,16.1259536,0.0
351,192,66.5926132,16.4048744,0.0
351,193,66.6836168,16.4756322,0.0
351,194,66.6212074,16.3696444,0.0
351,195,66.4675673,16.4416563,0.0
351,196,66.5522803,16.4883237,0.0
351,197,65.9487842,15.9860227,0.0
351,198,65.918898,16.0388349,0.0
351,199,65.924623,16.0532405,0.0
356,124,127.0,39.8126197,0.0
356,125,125.5469883,40.5565386,0.0
356,126,123.2065456,41.073236,0.0
356,127,121.8651485,41.4962084,0.0
356,128,119.9897774,42.0263473,0.0
356,129,117.8912949,42.7832613,0.0
356,130,115.7219711,43.7028594,0.0
356,131,113.2868581,44.0405345,0.0
356,132,111.3652131,44.8667395,0.0
356,133,109.0405821,45.7878469,0.0
356,134,106.0941747,46.866122,0.0
356,135,103.0583398,47.9404267,0.0
356,136,99.7720012,49.1523038,0.0
356,137,97.5326986,50.0867361,0.0
356,138,97.5585224,49.9833291,0.0
356,139,97.4597967,50.0700653,0.0
356,140,97.4744441,50.0032966,0.0
356,141,97.5224219,50.0549001,0.0
356,142,97.5058692,49.9938467,0.0
356,143,97.5108295,50.1024193,0.0
356,144,97.5848213,50.0816929,0.0
356,145,97.4483192,50.3938886,0.0
356,146,97.5559232,51.017632,0.0
356,147,97.3732767,52.0500366,0.0
356,148,97.3683215,52.0919744,0.0
356,149,97.2573199,52.1376304,0.0
356,150,97.4040259,52.0624539,0.0
356,151,96.5760739,53.6670306,0.0
356,152,95.8168374,55.2794424,0.0
356,153,94.1897395,56.607418,0.0
356,154,92.8921483,57.3602747,0.0
356,155,91.311863,58.0765361,0.0
356,156,89.7966893,58.5544706,0.0
356,157,87.9123976,59.7749194,0.0
356,158,86.2946951,61.0238538,0.0
356,159,84.9410401,61.9475064,0.0
356,160,83.5444214,63.0579006,0.0
356,161,82.0125077,63.9244603,0.0
356,162,80.5092809,65.1155342,0.0
356,163,78.6959631,66.3425939,0.0
356,164,77.2003152,67.7458416,0.0
356,165,76.1294482,68.8967626,0.0
356,166,75.1764034,70.0084923,0.0
356,167,74.7805557,70.8433328,0.0
356,168,73.809729,71.6550042,0.0
356,169,72.734062,72.614145,0.0
356,170,71.4944923,73.1918454,0.0
356,171,69.7858385,74.101927,0.0
356,172,68.1864056,74.6873083,0.0
356,173,66.93516,75.7986143,0.0
356,174,64.7400647,76.8533908,0.0
356,175,62.1768313,77.8873853,0.0
356,176,61.3216269,78.6133475,0.0
356,177,59.364297,79.3884842,0.0
356,178,57.3132195,80.5195041,0.0
356,179,56.2078,81.9684216,0.0
356,180,54.6684403,82.8621421,0.0
356,181,54.7773308,82.9200052,0.0
356,182,54.582291,82.8602941,0.0
356,183,54.6110127,82.931102,0.0
356,184,53.5050713,81.6145314,0.0
356,185,52.1310488,81.6126669,0.0
356,186,51.0566808,81.0836105,0.0
356,187,50.3350512,80.9309997,0.0
356,188,49.6680324,80.8524042,0.0
356,189,48.0154311,80.3059268,0.0
356,190,46.5212114,79.5739139,0.0
356,191,46.0692174,78.9581297,0.0
356,192,44.4587648,78.8596249,0.0
356,193,43.0095204,78.1049322,0.0
356,194,41.9723265,78.5187583,0.0
356,195,41.0098202,78.7841148,0.0
356,196,39.3435011,78.8352313,0.0
356,197,38.1825332,78.2494264,0.0
356,198,38.0694781,78.2919189,0.0
356,199,38.1098927,78.2435834,0.0
358,128,64.3862767,7.0192665,0.0
358,129,64.8756077,6.7051417,0.0
358,130,66.0833159,8.8862861,0.0
358,131,66.2427984,9.0540884,0.0
358,132,66.0622243,8.9892235,0.0
358,133,65.826254,8.4781066,0.0
358,134,65.1538204,7.6732241,0.0
358,135,65.1321697,7.7321504,0.0
358,136,65.1222619,7.7801051,0.0
358,137,65.2686728,7.7666847,0.0
358,138,62.9559265,7.9756151,0.0
358,139,60.4806015,9.7674451,0.0
358,140,58.9249416,10.5115229,0.0
358,141,57.344636,11.063932,0.0
358,142,56.2350822,11.9754603,0.0
358,143,55.744272,12.8553909,0.0
358,144,54.6769102,13.9323375,0.0
358,145,53.472765,16.1303585,0.0
358,146,53.4228248,16.0283368,0.0
358,147,53.3526517,15.9967133,0.0
358,148,53.548274,16.1921189,0.0
358,149,53.4558276,15.9891282,0.0
358,150,53.4539919,16.0098152,0.0
358,151,53.3324767,16.0565471,0.0
358,152,54.0724842,14.8186009,0.0
358,153,54.9616708,13.8223023,0.0
358,154,55.9341041,12.4386695,0.0
358,155,56.9002765,12.1674686,0.0
358,156,57.8453278,12.4389952,0.0
358,157,58.3840685,12.8503279,0.0
358,158,59.0309343,12.9063962,0.0
358,159,60.8240788,12.0232847,0.0
358,160,60.8137878,12.0468898,0.0
358,161,60.2844171,15.0080951,0.0
358,162,59.8476928,17.4473462,0.0
358,163,59.5844096,20.1642859,0.0
358,164,58.0335252,22.3808649,0.0
358,165,57.5405418,25.3710589,0.0
358,166,56.6597026,28.3012994,0.0
358,167,55.1483951,30.5722398,0.0
358,168,53.8779651,33.84019,0.0
358,169,51.3439519,37.0345112,0.0
358,170,49.4879742,40.6047522,0.0
358,171,48.0137624,43.21743,0.0
358,172,46.1344604,45.7763626,0.0
358,173,44.828568,47.5893355,0.0
358,174,43.9393768,50.3574086,0.0
358,175,43.2375784,52.8481213,0.0
358,176,42.0962214,54.5952005,0.0
358,177,40.2614157,56.4333301,0.0
358,178,38.1209982,58.6163672,0.0
358,179,37.2801959,61.8112301,0.0
358,180,37.2133385,61.7849975,0.0
358,181,37.2586701,61.8819878,0.0
358,182,37.2039776,61.8240746,0.0
358,183,37.2254243,61.7759436,0.0
358,184,37.2924541,61.8438912,0.0
358,185,37.2034607,61.9011808,0.0
358,186,37.2873745,61.8363757,0.0
358,187,36.2384294,61.8034918,0.0
358,188,34.3710198,61.038456,0.0
358,189,32.413719,60.7366593,0.0
358,190,31.8576027,60.4466389,0.0
358,191,30.8127545,59.7910564,0.0
358,192,29.8311599,59.6060626,0.0
358,193,27.9011201,60.5230263,0.0
358,194,27.0264944,61.0248982,0.0
358,195,27.1327484,61.1266499,0.0
358,196,26.0387617,60.9458353,0.0
358,197,26.0065985,60.9465041,0.0
358,198,26.1423338,60.0877656,0.0
358,199,26.10468,60.0627182,0.0
362,131,104.165916,2.9570578,0.0
362,132,105.7879096,5.8785365,0.0
362,133,104.7596206,6.3051956,0.0
362,134,102.9747317,7.1425906,0.0
362,135,101.7906376,8.4481881,0.0
362,136,101.2053729,10.1330756,0.0
362,137,100.2893195,10.3061323,0.0
362,138,100.3585658,9.0593391,0.0
362,139,99.2292858,9.699791,0.0
362,140,100.1117606,11.0503311,0.0
362,141,100.8368557,12.3491327,0.0
362,142,101.1116297,14.1441372,0.0
362,143,102.0024899,15.4762871,0.0
362,144,102.7218859,17.1510676,0.0
362,145,103.3829992,21.4755015,0.0
362,146,104.9600508,24.726627,0.0
362,147,105.2020052,25.7925554,0.0
362,148,107.1333797,28.8508502,0.0
362,149,107.1652452,28.8398618,0.0
362,150,107.2670126,28.8111731,0.0
362,151,107.18414,28.7047411,0.0
362,152,107.1903899,28.9131209,0.0
362,153,107.1591645,28.8001102,0.0
362,154,107.2332878,28.8655798,0.0
362,155,107.1816415,28.8600714,0.0
362,156,107.1722166,28.8642565,0.0
362,157,107.1337414,28.8544215,0.0
362,158,107.1978745,28.7901847,0.0
362,159,107.1387617,28.8271286,0.0
362,160,107.2312936,28.7544955,0.0
362,161,107.152559,28.7775112,0.0
362,162,107.092763,28.7798143,0.0
362,163,107.7725542,29.1104594,0.0
362,164,107.3562673,28.5401502,0.0
362,165,107.3234997,28.5497133,0.0
362,166,105.9859423,27.074241,0.0
362,167,106.7086377,27.1069629,0.0
362,168,106.3396667,26.9011187,0.0
362,169,106.8857869,27.0998411,0.0
362,170,106.8106455,27.9677895,0.0
362,171,106.969691,27.982865,0.0
362,172,106.9514263,27.9502664,0.0
362,173,106.9687845,27.9757606,0.0
362,174,107.0291275,27.9275609,0.0
362,175,106.9645747,28.019419,0.0
362,176,106.9331582,28.0139073,0.0
362,177,107.3524611,29.9553105,0.0
362,178,107.3975028,30.0618264,0.0
362,179,107.3091119,30.0432157,0.0
362,180,107.4452311,30.0472367,0.0
362,181,107.3234303,30.0010564,0.0
362,182,106.3873338,29.4646037,0.0
362,183,103.9449703,28.953169,0.0
362,184,104.6766108,27.2330927,0.0
362,185,106.0419476,26.1480798,0.0
362,186,106.9917649,23.6295834,0.0
362,187,107.954324,22.558729,0.0
362,188,108.3698016,23.6237898,0.0
362,189,107.5034888,23.7751834,0.0
362,190,105.3043131,24.6441809,0.0
362,191,102.8049732,24.4138353,0.0
362,192,100.4590414,22.7243321,0.0
362,193,100.7226258,23.4224566,0.0
362,194,100.2834679,22.7090316,0.0
362,195,100.5173248,23.6134439,0.0
362,196,99.6735638,24.9208547,0.0
362,197,99.7662388,24.9398426,0.0
362,198,99.6827042,24.9652411,0.0
362,199,99.6437455,24.9507463,0.0
363,132,106.2635596,30.5177119,0.0
363,133,106.1601643,30.6165055,0.0
363,134,106.09432,30.6958406,0.0
363,135,104.8689375,31.4272883,0.0
363,136,105.1553414,31.3435312,0.0
363,137,104.9862039,31.5352607,0.0
363,138,105.275364,31.256346,0.0
363,139,104.8578268,31.1363474,0.0
363,140,105.0200655,31.2153574,0.0
363,141,104.4276145,31.2593186,0.0
363,142,104.1039251,32.2917218,0.0
363,143,104.9299301,33.4550876,0.0
363,144,104.9248397,33.5607004,0.0
363,145,104.8305884,30.6024354,0.0
363,146,104.7452724,28.0234842,0.0
363,147,105.6952424,26.7925618,0.0
363,148,106.073661,23.124786,0.0
363,149,106.0734045,20.5340416,0.0
363,150,105.239184,17.8455043,0.0
363,151,106.3317264,15.9797329,0.0
363,152,106.9681739,13.2415229,0.0
363,153,106.9433033,13.33113,0.0
363,154,107.0649854,13.1973243,0.0
363,155,106.9509211,14.986002,0.0
363,156,106.9522382,16.7701294,0.0
363,157,106.3698236,18.9344467,0.0
363,158,106.35647,18.9701979,0.0
363,159,106.5079066,19.0651528,0.0
363,160,106.4371277,18.9660577,0.0
363,161,106.0902606,18.8831755,0.0
363,162,106.0226553,18.9749288,0.0
363,163,106.0592963,18.9255483,0.0
363,164,106.06339,18.9081074,0.0
363,165,106.0062826,19.0194818,0.0
363,166,106.1142839,19.0384926,0.0
363,167,106.0964127,18.9514539,0.0
363,168,106.0075253,18.8723156,0.0
363,169,106.1469985,18.9335603,0.0
363,170,106.0516577,18.9211602,0.0
363,171,107.6686857,15.8042558,0.0
363,172,109.2842827,12.8488664,0.0
363,173,111.1066216,10.1100059,0.0
363,174,112.9082,7.2035331,0.0
363,175,112.9387253,7.2598719,0.0
363,176,112.8800557,7.2391091,0.0
363,177,112.9169979,6.3333279,0.0
363,178,113.3421084,5.8409541,0.0
363,179,114.3393492,4.9549105,0.0
363,180,115.3226997,3.8202112,0.0
363,181,116.5651483,3.3742461,0.0
363,182,116.5927848,3.3035175,0.0
363,183,116.5493146,3.4216284,0.0
363,184,116.5713274,3.274421,0.0
363,185,116.5967765,3.3432494,0.0
363,186,116.5985437,3.2741813,0.0
363,187,116.5524611,3.3841313,0.0
363,188,116.5354113,3.3662311,0.0
363,189,116.6110645,3.4176527,0.0
363,190,116.523997,3.1953682,0.0
363,191,117.2445424,5.1080592,0.0
363,192,116.9921662,6.1626275,0.0
363,193,117.0567618,6.1137495,0.0
363,194,116.998278,6.0404987,0.0
363,195,117.0410585,6.133772,0.0
363,196,117.072435,6.0070668,0.0
363,197,117.0267596,6.0750521,0.0
363,198,116.9650406,6.1214333,0.0
363,199,117.087826,6.1203187,0.0
368,152,0.6943092,12.4848229,0.0
368,153,1.3832569,12.9714246,0.0
368,154,2.1723339,14.0314668,0.0
368,155,3.4340772,14.3036273,0.0
368,156,4.4560756,14.7832067,0.0
368,157,5.2270443,14.8375735,0.0
368,158,6.9167451,14.8824667,0.0
368,159,7.8839561,15.5564411,0.0
368,160,8.0227946,15.7946667,0.0
368,161,8.7858197,15.8163357,0.0
368,162,9.3013196,16.280971,0.0
368,163,9.641868,16.8967148,0.0
368,164,9.9057088,17.8366035,0.0
368,165,10.5730138,18.4473151,0.0
368,166,11.1932647,18.9434015,0.0
368,167,12.0803267,19.3753497,0.0
368,168,13.2183622,19.9477682,0.0
368,169,14.7483686,20.2336671,0.0
368,170,15.8959738,20.95997,0.0
368,171,17.3125453,21.577777,0.0
368,172,18.527917,22.5188763,0.0
368,173,19.1652383,23.2263639,0.0
368,174,20.8683441,23.9749895,0.0
368,175,22.1587752,24.1776267,0.0
368,176,23.078586,24.1083291,0.0
368,177,23.4591119,24.309607,0.0
368,178,23.5710239,24.252133,0.0
368,179,24.2149833,23.9513506,0.0
368,180,23.9065481,24.388232,0.0
368,181,24.4958957,24.7651772,0.0
368,182,24.8322628,24.8058327,0.0
368,183,24.940859,25.4942152,0.0
368,184,24.8876701,26.0632998,0.0
368,185,25.0242191,26.6045555,0.0
368,186,24.9747971,26.8639277,0.0
368,187,25.0679576,26.0533235,0.0
368,188,25.1049654,25.1561056,0.0
368,189,25.1193362,24.9624621,0.0
368,190,25.3119549,24.0314369,0.0
368,191,25.3671243,23.1393999,0.0
368,192,25.4809684,22.0510567,0.0
368,193,25.0068157,20.9359129,0.0
368,194,24.8987472,20.1424883,0.0
368,195,25.0043329,20.0530697,0.0
368,196,24.9849124,20.1511893,0.0
368,197,24.309403,20.0271372,0.0
368,198,23.8568763,20.6367399,0.0
368,199,23.8532914,20.5357289,0.0
370,166,110.4458371,92.2536252,0.0
370,167,110.3564852,92.2107638,0.0
370,168,110.4638848,92.2781448,0.0
370,169,110.4211843,92.165749,0.0
370,170,110.502706,92.1590034,0.0
370,171,110.3266027,92.2474483,0.0
370,172,110.5265375,92.1459791,0.0
370,173,109.8280145,90.6934918,0.0
370,174,109.8211306,90.7720108,0.0
370,175,109.8711995,90.6727814,0.0
370,176,109.7504344,90.8162184,0.0
370,177,109.8092848,90.6670409,0.0
370,178,109.777768,90.6650984,0.0
370,179,109.4125534,88.563979,0.0
370,180,108.8970436,87.4445685,0.0
370,181,108.2047412,85.8933528,0.0
370,182,107.7476693,84.01971,0.0
370,183,107.15215,82.0590518,0.0
370,184,106.9673486,79.7516003,0.0
370,185,107.0235534,77.3187063,0.0
370,186,107.1410105,75.1042894,0.0
370,187,107.3860886,72.2876609,0.0
370,188,107.5271105,69.8542914,0.0
370,189,107.6789814,67.5560449,0.0
370,190,107.9161645,65.5069144,0.0
370,191,108.7804799,63.5812821,0.0
370,192,109.4642988,62.0323279,0.0
370,193,110.36032,60.6275305,0.0
370,194,111.0616189,58.9044974,0.0
370,195,112.271957,56.9369106,0.0
370,196,112.9781147,55.3251058,0.0
370,197,113.5782625,53.5727418,0.0
370,198,114.2409959,52.046262,0.0
370,199,114.6436044,49.8203858,0.0
371,170,0.3621426,44.1912086,0.0
371,171,0.3978327,43.7618896,0.0
371,172,0.8561701,43.6053351,0.0
371,173,1.3939007,42.5673156,0.0
371,174,2.4958012,40.7349106,0.0
371,175,2.952933,38.8173696,0.0
371,176,3.9501401,37.292767,0.0
371,177,5.1316546,35.9292844,0.0
371,178,6.6432466,34.2248056,0.0
371,179,8.0259774,32.9564129,0.0
371,180,9.3419138,31.0543414,0.0
371,181,10.892431,28.7581182,0.0
371,182,13.1621256,26.0500362,0.0
371,183,14.996787,24.3868472,0.0
371,184,15.9345305,22.6496058,0.0
371,185,17.8782008,20.8483796,0.0
371,186,18.5359453,18.8383099,0.0
371,187,19.3773841,16.9682492,0.0
371,188,20.2844384,14.4630524,0.0
371,189,21.5938006,12.9852038,0.0
371,190,22.2056618,11.1237203,0.0
371,191,23.1298188,10.1043444,0.0
371,192,24.8607656,8.134594,0.0
371,193,26.4105714,6.8548056,0.0
371,194,27.9574134,5.899372,0.0
371,195,28.8154721,5.1488496,0.0
371,196,31.7191691,3.8704231,0.0
371,197,33.9074822,2.4932453,0.0
371,198,36.8397652,0.8950412,0.0
371,199,38.6643898,0.2766386,0.0
372,172,104.2680293,0.8501707,0.0
372,173,101.9332647,1.8998428,0.0
372,174,101.9212685,1.8502264,0.0
372,175,101.9023814,2.0409566,0.0
372,176,102.1785582,1.7040253,0.0
372,177,102.147353,1.7528977,0.0
372,178,102.1270497,1.6142105,0.0
372,179,102.1869536,1.5051897,0.0
372,180,102.2069955,1.644626,0.0
372,181,102.1456133,1.5853621,0.0
372,182,102.1545491,1.6696938,0.0
372,183,102.185321,1.6673547,0.0
372,184,102.2334399,1.7173136,0.0
372,185,102.2520033,1.5656904,0.0
372,186,102.1075354,1.8142178,0.0
372,187,102.2149087,1.7523275,0.0
372,188,102.0512366,1.6636794,0.0
372,189,102.1191142,1.6449327,0.0
372,190,100.6402881,3.6024599,0.0
372,191,98.3167534,5.5097387,0.0
372,192,96.3612732,6.734892,0.0
372,193,94.8236156,8.4055159,0.0
372,194,93.7133031,10.4863696,0.0
372,195,92.6587281,12.5659651,0.0
372,196,90.9147972,15.1046746,0.0
372,197,88.6923904,17.2636779,0.0
372,198,86.2305571,19.4646939,0.0
372,199,84.3008494,22.4201985,0.0
