traj_idx,frame,x,y
0.0,0.0,142.82798573884065,93.56355257573836
0.0,1.0,143.0156251411371,93.51646514753304
0.0,2.0,143.06500914421466,93.57214604181873
0.0,3.0,142.6863499438524,93.27886273459616
0.0,4.0,142.91092845213822,93.10304507665413
0.0,5.0,143.36781358930116,93.32288772157804
0.0,6.0,143.79823133050994,92.88752832355688
0.0,7.0,144.67609670337438,93.32290036418904
0.0,8.0,145.29589263728388,93.74976815734364
0.0,9.0,144.75135228513994,94.58573610860996
0.0,10.0,144.51962787902406,94.23086018623285
0.0,11.0,143.84148890475157,94.74982765761465
0.0,12.0,143.77516302007612,94.25331117116048
0.0,13.0,144.4753257850833,93.65275795222644
0.0,14.0,143.06332381296272,93.40118219616546
0.0,15.0,144.1843348906872,92.88487039773422
0.0,16.0,144.0518318036256,92.37662011546482
0.0,17.0,145.18253552575672,92.91992496571268
0.0,18.0,143.80298515983668,92.2739768422065
0.0,19.0,144.05586543194894,92.52250919689423
0.0,20.0,143.1848662352942,91.27327599305713
0.0,21.0,143.5702412539264,91.44264349531426
0.0,22.0,144.83256896809456,91.42412931101272
0.0,23.0,146.14032986564902,90.33739083798088
0.0,24.0,145.32879536678348,90.94317630994614
0.0,25.0,145.39807934902487,92.1386016687618
0.0,26.0,145.53760036644636,92.17448608456708
0.0,27.0,146.16578082199123,91.0513475377457
0.0,28.0,146.98995122020978,91.51897476786093
0.0,29.0,148.35092390986222,91.52569290136688
0.0,30.0,148.85457392377077,91.2302070080673
0.0,31.0,148.164499128634,91.1429984725268
0.0,32.0,149.18258407393495,91.94383639846085
0.0,33.0,149.62683851993617,92.04102895739489
0.0,34.0,149.18486787452358,92.48252739093094
0.0,35.0,149.41592311694438,91.57205227132656
0.0,36.0,149.50155954525638,92.2221732545592
0.0,37.0,148.85778140072495,91.2915442732488
0.0,38.0,149.12159785140568,91.43753265228932
0.0,39.0,149.68200800088033,91.18676712834323
0.0,40.0,149.69504868081853,91.8719622278046
0.0,41.0,149.4938178465172,92.40717093317336
0.0,42.0,150.20155823367267,91.52422143324314
0.0,43.0,151.29846202813073,93.1740290563544
0.0,44.0,151.38094353047762,94.24486458915108
0.0,45.0,151.17665036494407,93.61241989262932
0.0,46.0,151.81313342865946,91.71637938766436
0.0,47.0,151.99899948612546,91.21514290078936
0.0,48.0,153.2605219523351,91.33162628404516
0.0,49.0,151.8631558502711,89.5608890824455
0.0,50.0,153.1094363806554,90.61802745466062
0.0,51.0,152.37146763824632,88.17449396288444
0.0,52.0,151.75059931600504,88.57516800365724
0.0,53.0,153.15103748611511,86.1375840595031
0.0,54.0,153.01357566283446,85.9490040262687
0.0,55.0,153.2849002430361,84.98182670003499
0.0,56.0,152.8916706698611,83.70425467319782
0.0,57.0,152.843905737271,83.47366912437084
0.0,58.0,153.16713183183205,83.85462176480401
0.0,59.0,153.5088715932907,83.15268322315933
0.0,60.0,153.16633828872267,83.49877234965449
0.0,61.0,153.25741350343372,81.8546228216353
0.0,62.0,153.52921590436142,82.50364222278478
0.0,63.0,153.79562193316585,82.99963628718146
0.0,64.0,155.6528380826019,87.98399139260316
0.0,65.0,154.95224674094553,87.63422324513779
0.0,66.0,154.24131797284448,87.86408095416775
0.0,67.0,154.5090455261215,89.15930071838119
0.0,68.0,152.97573716667273,89.14156081655098
0.0,69.0,151.3194367054731,88.73663766018154
0.0,70.0,151.82118603433707,88.28957940458281
0.0,71.0,151.45827573925254,88.43386266968318
0.0,72.0,151.20725096446603,89.42271692494774
0.0,73.0,150.41023261989704,89.76568263118922
0.0,74.0,150.24055379858223,88.34216029081811
0.0,75.0,150.1942487458713,88.52098479395659
0.0,76.0,149.455476658631,88.15469613034377
0.0,77.0,148.85887822193516,87.2197391028882
0.0,78.0,149.74163848615694,86.9839589307377
0.0,79.0,149.87944718419226,87.35083413102137
0.0,80.0,148.78248463766084,86.85866723368963
0.0,81.0,149.26553774322326,86.87867403222246
0.0,82.0,150.16435360704915,88.47577394874783
0.0,83.0,149.6947748174475,87.64249086135038
0.0,84.0,148.85523196901548,87.86931410404726
0.0,85.0,148.67108023324366,87.98778004959085
0.0,86.0,149.3583918335289,88.12113943550865
0.0,87.0,150.34067951945102,88.48445892092366
0.0,88.0,150.62155871263587,87.42825404208084
0.0,89.0,150.06123076599644,87.8478833653707
0.0,90.0,150.19386286908866,87.97897417260026
0.0,91.0,149.40322729304478,88.41706412407908
0.0,92.0,149.03895637815924,88.70880982969993
0.0,93.0,148.29813951619064,88.74318080093352
0.0,94.0,147.86644476436462,87.67268769646437
0.0,95.0,147.67766674238405,87.08903587764375
0.0,96.0,148.36536636214228,87.13580825459235
0.0,97.0,148.07215658861512,87.0386247424554
0.0,98.0,147.74349931792324,86.89028458546805
0.0,99.0,147.68445399009565,86.73738380188111
0.0,100.0,148.53188547959522,87.00867271411086
0.0,101.0,148.76073955858297,86.57663138563957
0.0,102.0,149.38075967812654,87.03413282223967
0.0,103.0,150.34085404292068,86.73251040135342
0.0,104.0,150.55088838493677,86.37255345288965
0.0,105.0,151.0596980634382,86.86280109654736
0.0,106.0,150.6992703692766,86.97598718286558
0.0,107.0,150.58680008829904,87.11414842799158
0.0,108.0,152.25916245437932,87.40537246008624
0.0,109.0,155.0478814196047,86.67295289858939
0.0,110.0,156.4784307802909,84.89901266731525
0.0,111.0,156.33794987139382,84.35951986056267
0.0,112.0,157.97626957454744,85.99151289981104
0.0,113.0,159.20472996088102,85.76045272835313
0.0,114.0,157.6122529029132,84.99334601583314
0.0,115.0,157.37365082096582,83.51727381726707
0.0,116.0,159.9296415631573,85.14077402351334
0.0,117.0,161.75178358369075,85.606802914067
0.0,118.0,161.6102615563635,87.42459512279365
0.0,119.0,162.40612948780495,86.8896509832955
0.0,120.0,162.9785000541366,86.34674238499623
0.0,121.0,163.53190667005512,86.19278827694482
0.0,122.0,163.76221998152056,85.73529182547544
0.0,123.0,163.4897403368607,86.05090413843686
0.0,124.0,163.40816067011687,87.30834424335339
0.0,125.0,165.02339011065274,86.42896738961998
0.0,126.0,167.45306563466963,86.10705517862635
0.0,127.0,167.10624283909434,85.93669776381856
0.0,128.0,167.35559367550755,85.36265612637591
0.0,129.0,168.22141782725927,84.6839095417353
0.0,130.0,168.94614084759274,85.40232494113316
0.0,131.0,170.11387421763033,85.73450005500236
0.0,132.0,170.48262291417197,85.08242303517551
0.0,133.0,169.62957172920824,85.46774441993138
0.0,134.0,170.26870893261938,85.06845933400287
0.0,135.0,169.16605849514298,84.19801396038395
0.0,136.0,168.77197634507456,84.94344496889002
0.0,137.0,167.11643425486002,82.77721249159566
0.0,138.0,165.5670973356567,84.14281369815065
0.0,139.0,167.34210297085147,84.01417282156781
0.0,140.0,166.08868847850073,84.24506398521976
0.0,141.0,165.91248557646102,83.90361460588018
0.0,142.0,168.8208470901077,83.7451076844961
0.0,143.0,169.59824174754672,83.11627550058685
0.0,144.0,167.77266704361614,83.39691324686726
0.0,145.0,169.97228539170487,86.20734540704638
0.0,146.0,169.770874416261,85.90121559385955
0.0,147.0,169.90187245370834,84.77661648335854
0.0,148.0,170.73885036078872,85.40321475147833
0.0,149.0,170.7733297795484,86.02454875093564
0.0,150.0,169.68960107740625,85.88012506096587
0.0,151.0,169.39663760526162,85.33326262101765
0.0,152.0,169.1351730004244,85.58854401925478
0.0,153.0,169.47351291154186,84.74429990242336
0.0,154.0,167.35840035517103,84.46668494937275
0.0,155.0,166.20480875197072,85.4268567513506
0.0,156.0,166.84195137957798,85.19486842753606
0.0,157.0,167.29443629878756,83.54641729964325
0.0,158.0,166.87767623607618,83.49071971120622
0.0,159.0,167.63585918816955,82.44752571791767
0.0,160.0,168.8220115439561,84.59190988384013
0.0,161.0,168.34818022967704,85.84034996769157
0.0,162.0,169.27345556573692,86.1745078984229
0.0,163.0,169.76015128218435,86.49103260490782
0.0,164.0,168.8563109968745,87.41684198601394
0.0,165.0,169.4274101839776,87.89596503626285
0.0,166.0,168.97904136480727,86.96399696929717
0.0,167.0,168.08121037889703,87.42528380486064
0.0,168.0,167.90562849583384,86.93534658279006
0.0,169.0,168.51508960075267,87.29296801582166
0.0,170.0,166.51994546383182,87.30199350031047
0.0,171.0,166.68431103632173,88.10467855281878
0.0,172.0,166.1890816495576,88.05097562545392
0.0,173.0,166.36757749778164,87.12778520891004
0.0,174.0,165.9727318899645,88.00946321569636
0.0,175.0,166.6737828840208,88.77202700778776
0.0,176.0,166.70037209266482,88.16375915934461
0.0,177.0,167.51717595337263,87.65852235924822
0.0,178.0,168.33616310531622,86.41483030362977
0.0,179.0,169.4889609993657,87.65160500148099
0.0,180.0,168.35342343489722,86.60238788283769
0.0,181.0,168.59089799705714,86.26830085826141
0.0,182.0,168.67126021861665,85.34478412808005
0.0,183.0,169.28457428884343,85.28188800339026
0.0,184.0,169.4363869233915,86.64701015333172
0.0,185.0,168.66342785065004,87.97973646707493
0.0,186.0,167.74164757173645,87.77112023626829
0.0,187.0,166.64963775833988,86.36655890081333
0.0,188.0,166.8964756777281,87.42865857477537
0.0,189.0,165.69567492362157,88.70502854182946
0.0,190.0,166.97735081875848,86.2390778742779
0.0,191.0,168.49169788330923,86.22667863362919
0.0,192.0,167.75942246894346,86.52917699513884
0.0,193.0,167.3086940134359,86.61154382010218
0.0,194.0,167.12447883221898,87.71333623986598
0.0,195.0,166.9006302562792,87.04385774036625
0.0,196.0,166.81684978745773,85.45794287129209
0.0,197.0,165.87718976527063,85.28049130658198
0.0,198.0,166.9853100622097,86.03471333282535
0.0,199.0,168.35512498430913,86.70840343826174
1.0,0.0,118.30043147507114,60.77140185015699
1.0,1.0,120.94474282117945,61.769568036754826
1.0,2.0,122.1794344277881,62.8485732380796
1.0,3.0,122.63379197683614,63.11382088727909
1.0,4.0,122.31250676292036,63.41954544805814
1.0,5.0,121.45598357482528,64.19429175452163
1.0,6.0,119.85282590274404,62.22127211051516
1.0,7.0,120.9294003613713,64.09196053128743
1.0,8.0,120.40695985580828,61.77085965930765
1.0,9.0,119.71548980414153,60.74109744906792
1.0,10.0,120.21561080382594,60.87779980680408
1.0,11.0,119.18235781279688,60.70274989682479
1.0,12.0,118.45871390911309,61.52911876064041
1.0,13.0,119.1335802522266,61.95286848479099
1.0,14.0,118.6027663142132,61.31266252784429
1.0,15.0,118.22918897342326,60.88389183141516
1.0,16.0,120.2685469764479,59.900819160423474
1.0,17.0,122.26186885742226,60.26891612824362
1.0,18.0,122.74939938040744,58.867836310014205
1.0,19.0,122.75119886377044,61.142510526056526
1.0,20.0,122.2311063740274,62.34136612841299
1.0,21.0,121.36509086279816,61.98305328821152
1.0,22.0,123.45288017331912,63.02081654831117
1.0,23.0,123.35292516663496,63.64200763151903
1.0,24.0,122.27511438926408,61.67809754672216
1.0,25.0,121.2066078439061,60.50148526829793
1.0,26.0,122.90238177602176,60.7642268006296
1.0,27.0,124.13239192570812,63.17764526184525
1.0,28.0,125.03611059939551,62.64911717942297
1.0,29.0,125.43825633616378,62.67969695703195
1.0,30.0,125.7206847713692,62.33134508706767
1.0,31.0,125.50997099025612,62.22974364927313
1.0,32.0,124.27143486617834,60.39766355411523
1.0,33.0,124.31821882454364,59.90869465228493
1.0,34.0,125.44760276522484,60.07043240056074
1.0,35.0,125.603096791625,59.65698675460794
1.0,36.0,126.34055088097294,61.01359429466876
1.0,37.0,125.27532866764608,59.20764666458402
1.0,38.0,125.08163742643838,59.61898016272612
1.0,39.0,126.43299276755684,59.72246788877966
1.0,40.0,124.73228713225892,58.205017358998
1.0,41.0,125.20179695416496,58.1820129056323
1.0,42.0,123.32582284639274,58.1571361562713
1.0,43.0,124.39493897522144,58.56780746622828
1.0,44.0,125.42783322779856,59.555189767044936
1.0,45.0,127.18224487081898,59.95257266453979
1.0,46.0,128.92300193646557,60.30238744601376
1.0,47.0,128.90039159775264,61.9436493750448
1.0,48.0,129.46553705877886,62.56461595140762
1.0,49.0,130.13952621887697,63.88447981110575
1.0,50.0,130.39343824909955,63.384670818273605
1.0,51.0,131.41686545191365,63.653508770868406
1.0,52.0,132.06418836199703,63.097523719495776
1.0,53.0,131.2006325605847,64.9217812793287
1.0,54.0,131.65839621309277,64.58271694079971
1.0,55.0,131.96679747950648,64.68827332276035
1.0,56.0,131.97251323825387,64.10516201018014
1.0,57.0,132.012177872352,64.37340030264225
1.0,58.0,131.34669243223115,64.85432651952598
1.0,59.0,131.9326768809168,64.74643787201138
1.0,60.0,131.71131007301688,65.5745827898396
1.0,61.0,132.31644505823434,65.59187542525629
1.0,62.0,132.63129927693322,65.72672291271084
1.0,63.0,132.55884407331638,64.91211631956949
1.0,64.0,132.60322888252577,64.69719415762182
1.0,65.0,132.92705786915712,65.34647055212324
1.0,66.0,133.38587330015665,64.7155089164474
1.0,67.0,133.39067035804914,64.21124704414979
1.0,68.0,133.70775071958977,63.99182126624357
1.0,69.0,133.8231493736941,63.1840204009546
1.0,70.0,133.52475036489423,62.7024954555633
1.0,71.0,133.71889411294816,63.466185351737295
1.0,72.0,134.24359401628044,62.44837273310864
1.0,73.0,133.6933321386191,62.08722390554237
1.0,74.0,133.83696425572737,62.230331356418056
1.0,75.0,133.71314490889606,62.20768778511462
1.0,76.0,134.19609030056404,60.49483969485649
1.0,77.0,134.6722180924991,60.48682408200753
1.0,78.0,134.00439875982462,60.23638183285107
1.0,79.0,133.57702637273044,60.44350023652292
1.0,80.0,133.5814963808779,61.05037735800558
1.0,81.0,133.5477844380618,60.62885690981237
1.0,82.0,133.93959995771334,60.451384905970855
1.0,83.0,134.01321734387747,59.99614529162824
1.0,84.0,134.01484236216615,60.01985319972837
1.0,85.0,134.07266003641809,59.11619178667827
1.0,86.0,133.9245891443798,58.72781449398562
1.0,87.0,133.43015668912778,59.45248910863343
1.0,88.0,133.5402461793115,59.50379254394424
1.0,89.0,134.11133405781644,59.49135007358596
1.0,90.0,133.51421137494322,59.29701928250029
1.0,91.0,132.87964508625973,59.269877296091614
1.0,92.0,132.69921108723125,59.34127313797357
1.0,93.0,133.09578027961695,59.1062475735431
1.0,94.0,133.1006938368485,59.365885540476974
1.0,95.0,133.03058802137312,59.334780942042016
1.0,96.0,133.34069285977066,59.110179595854646
1.0,97.0,132.87502146482876,58.9853455271766
1.0,98.0,132.9557215094003,59.18904191003726
1.0,99.0,133.0460338726419,59.42394766074279
1.0,100.0,132.87056494702978,60.39186835863336
1.0,101.0,132.1471072286267,60.43906120093948
1.0,102.0,132.98994787933952,60.78945995379735
1.0,103.0,133.4110806609449,60.85791315615496
1.0,104.0,133.61087122957784,60.92243179180973
1.0,105.0,132.92765111629905,61.54905995509344
1.0,106.0,132.95417774489715,61.488345926109794
1.0,107.0,132.52099503066424,61.26586674067171
1.0,108.0,132.43575360141296,61.02354388941809
1.0,109.0,134.1495257609326,60.39480762564061
1.0,110.0,134.33251815189422,59.81805470722552
1.0,111.0,134.42704732665393,60.37783049484362
1.0,112.0,134.95820461511295,59.81004252880103
1.0,113.0,135.15272268923684,59.8695064197181
1.0,114.0,134.78784448686608,60.36279922472972
1.0,115.0,134.92338464803078,60.704673420481534
1.0,116.0,135.5889065255107,59.94766843747273
1.0,117.0,135.65581292049313,59.37824474647035
1.0,118.0,135.46977295825437,59.42736616640739
1.0,119.0,135.8081963108291,59.43625613579351
1.0,120.0,135.88364249574028,59.52878811898014
1.0,121.0,136.3623144246323,60.71959071218918
1.0,122.0,135.80941587358558,59.9875101373859
1.0,123.0,134.9486011423266,60.09463187157114
1.0,124.0,134.63537833418056,60.67277270437781
1.0,125.0,135.03821638367145,61.632965499650695
1.0,126.0,135.60952543719893,60.906490686947045
1.0,127.0,133.1485823228799,58.68213701975499
1.0,128.0,133.96132080979075,57.41276976657565
1.0,129.0,132.99638299836357,56.94037568369048
1.0,130.0,132.8839653349112,56.35379656500566
1.0,131.0,133.1280751467544,56.71917598214444
1.0,132.0,133.7134002339132,57.668597715118736
1.0,133.0,134.22769958797412,57.378405293796455
1.0,134.0,135.84818583632492,57.4965679810813
1.0,135.0,134.6833369317444,58.12906687320738
1.0,136.0,134.6885133505157,57.501785841654616
1.0,137.0,134.43337937139017,55.60892567771536
1.0,138.0,136.04936875215148,55.50898310352999
1.0,139.0,133.58363881212676,57.50473556856095
1.0,140.0,132.1770494743953,57.72382471554663
1.0,141.0,131.81365761722992,59.26278140556803
1.0,142.0,133.13683035282503,58.30791571603197
1.0,143.0,133.80886346183686,55.12479236364868
1.0,144.0,136.02537685406426,56.507091508973865
1.0,145.0,136.33234781354977,56.42398007790761
1.0,146.0,134.98425835522295,55.1923660650632
1.0,147.0,136.5349570052481,54.935487966890776
1.0,148.0,138.5024940743555,54.16370410544513
2.0,0.0,144.19765586614264,154.28580387260186
2.0,1.0,144.40105112127628,153.80535422007276
2.0,2.0,144.6412142188723,153.8268544179006
2.0,3.0,144.6285288485276,153.631814370121
2.0,4.0,147.10862861030273,154.06601958942315
2.0,5.0,148.1307573508615,157.84114341902597
2.0,6.0,147.2695410139135,157.85253832994198
2.0,7.0,147.22660980224043,157.5782878739702
2.0,8.0,146.45229152308588,156.81488639154955
2.0,9.0,147.3684811243398,157.9407359572188
2.0,10.0,146.31256014023077,156.4920677748747
2.0,11.0,146.04558172064165,156.93378748733693
2.0,12.0,144.9421288214808,157.75804766016142
2.0,13.0,145.46962050441945,156.92762129307812
2.0,14.0,145.78881378181546,156.77199520052142
2.0,15.0,145.66252361311948,156.3057346738435
2.0,16.0,147.09979334615002,154.82355069767453
2.0,17.0,147.1829846540213,155.34668410252002
2.0,18.0,145.8171058936665,153.4965329846685
2.0,19.0,147.08149502216705,154.27205203453883
2.0,20.0,146.17346433212776,154.80767351958136
2.0,21.0,146.7675190286804,157.847059178592
2.0,22.0,147.0381042490712,157.03776293739276
2.0,23.0,146.33220308210687,157.04271284026171
2.0,24.0,144.08148610234946,157.92957354676864
2.0,25.0,144.87698350270955,156.41701321786243
2.0,26.0,143.86302325631254,155.13824328412483
2.0,27.0,145.06778136838253,154.99170964645006
2.0,28.0,145.2565068654591,153.827675237619
2.0,29.0,144.78312974304336,153.75995582503396
2.0,30.0,142.76567378237326,152.72560485937518
2.0,31.0,141.80012849820582,153.49472607801906
2.0,32.0,142.68119936040384,154.65478799746074
2.0,33.0,143.6709081412428,154.05643820257228
2.0,34.0,144.89185403750983,154.06337805023358
2.0,35.0,145.22998202429747,155.41807847736888
2.0,36.0,146.45625922695172,155.22349859129065
2.0,37.0,147.33637493398425,154.61099562732093
2.0,38.0,147.4062160380359,153.8959666551939
2.0,39.0,148.8451718084726,154.04546878352005
2.0,40.0,147.3290449193119,154.47524886182447
2.0,41.0,147.47544118834728,155.85287688101536
2.0,42.0,147.15703828957166,154.6090896297238
2.0,43.0,148.26065883644674,155.3983653732019
2.0,44.0,149.07466520302586,155.44630705081727
2.0,45.0,148.7686482666829,154.4634441744888
2.0,46.0,148.41720967962837,154.65960896327425
2.0,47.0,146.81566786287473,154.24668382564863
2.0,48.0,147.1201596394849,154.77531613392983
2.0,49.0,146.6018030004516,154.69434493277333
2.0,50.0,147.25445513413283,153.26686884166324
2.0,51.0,147.98470479089954,153.88636915788112
2.0,52.0,147.80903858289008,152.6859187692854
2.0,53.0,147.81099882267085,152.97201128335698
2.0,54.0,148.44360415540356,152.985870216748
2.0,55.0,149.40314966178468,153.56734243663027
2.0,56.0,148.94816250445436,152.16475393249934
2.0,57.0,150.203790249128,151.873585733965
2.0,58.0,150.14407999671246,153.2047381186654
2.0,59.0,150.13894179877977,154.13950085503222
2.0,60.0,149.4630203710205,154.47364319604446
2.0,61.0,148.2551519909335,154.3783633814468
2.0,62.0,148.46647468839302,154.46838148472563
2.0,63.0,148.21740391703273,155.3893324656208
2.0,64.0,148.2608592696212,154.44005767258656
2.0,65.0,148.64749035152056,154.57969800729649
2.0,66.0,149.6968564373381,153.68220806510507
2.0,67.0,150.8955281075816,153.90709835282613
2.0,68.0,151.6520932473096,153.88429430598518
2.0,69.0,151.03977446846818,154.53101612251075
2.0,70.0,150.27914756082015,155.1456224551258
2.0,71.0,149.86429842450562,156.32562814601417
2.0,72.0,149.79133735127522,157.37520675456926
2.0,73.0,149.16036578034166,156.59949846013993
2.0,74.0,148.6320639897056,157.25042999982853
2.0,75.0,148.83975657701023,156.3905985341384
2.0,76.0,149.61803100860507,156.18714508703192
2.0,77.0,149.43989320979568,156.28961741648297
2.0,78.0,150.38636687088967,157.83448408574662
2.0,79.0,150.1306018431671,158.0484866339243
2.0,80.0,151.3112845139259,157.0547682830458
2.0,81.0,151.50997332218776,158.278976283845
2.0,82.0,152.5227724616924,159.2527742303906
2.0,83.0,151.9455952145924,159.17905406609023
2.0,84.0,151.90811504691203,160.44543730229626
2.0,85.0,151.15101213234345,160.4081709558742
2.0,86.0,150.761313091702,161.37652722091855
2.0,87.0,149.08980469752814,162.21121215774144
2.0,88.0,148.2968767294111,162.15037751903543
2.0,89.0,148.55759454048714,162.5070021314964
2.0,90.0,147.6263404943831,163.12947359487745
2.0,91.0,147.53044090723995,162.77371843876867
2.0,92.0,148.48683100963805,161.714415915776
2.0,93.0,146.8594135968138,163.45635292446823
2.0,94.0,148.27873048068236,163.35092791524983
2.0,95.0,148.309105922492,162.90947616620696
2.0,96.0,148.1899027668743,163.19509264410965
2.0,97.0,148.40799293640492,163.15048650445218
2.0,98.0,148.3313382569905,163.03568317069647
2.0,99.0,148.20534695887633,163.03739420326593
2.0,100.0,148.16586309267564,162.73663251412506
2.0,101.0,147.83128293218314,162.5620796568747
2.0,102.0,147.798492877562,162.6138435373737
2.0,103.0,148.06536566441358,162.87735259464608
2.0,104.0,148.02024653255202,163.14557913228774
2.0,105.0,147.83464727468643,163.0836029908282
2.0,106.0,147.96042224546798,163.05516426189897
2.0,107.0,147.95969150229482,162.97565838932297
2.0,108.0,148.79806436142007,161.39959334368714
2.0,109.0,151.63188021556348,159.91673983705627
2.0,110.0,152.52727688932958,160.6838986075343
2.0,111.0,152.88281794885063,164.17044133903795
2.0,112.0,153.438475261643,165.05520497647484
2.0,113.0,153.69616193998957,164.6156804054273
2.0,114.0,152.12371015180324,164.44177346564683
2.0,115.0,149.74306135969357,163.405282311257
2.0,116.0,148.83888173685185,164.6293565971566
2.0,117.0,147.52429558503465,164.77971514015712
2.0,118.0,146.78418624012895,164.15698549953143
2.0,119.0,147.3306398057112,163.9803216968654
2.0,120.0,146.50132793978815,165.26720149530894
2.0,121.0,146.02848901039266,165.8871876166818
2.0,122.0,145.98695151559025,164.25828699801755
2.0,123.0,145.57776357220112,163.66158697648962
2.0,124.0,145.2974622134929,164.29851894564877
2.0,125.0,144.2931832827432,165.08038875472556
2.0,126.0,144.1613458246673,166.51137774976772
2.0,127.0,144.196690481697,166.42266418770956
2.0,128.0,144.6287886918585,166.18655119014278
2.0,129.0,143.90557573997123,165.64638740077802
2.0,130.0,144.24932921292014,165.81125579395442
2.0,131.0,145.8047175189107,166.1788593923781
2.0,132.0,146.25287477183076,166.9087727292185
2.0,133.0,147.34793412835654,161.85361790134246
2.0,134.0,147.94526849485536,160.25366682886306
2.0,135.0,148.35680734267362,160.18030664455335
2.0,136.0,147.64253100087927,160.14140208578385
2.0,137.0,146.77770293553152,157.61384437475584
2.0,138.0,148.20862914152548,158.0325748520046
2.0,139.0,148.36171321719286,159.05380048369756
2.0,140.0,147.53837508483264,158.82222279832223
2.0,141.0,149.24286575063024,159.01452597482756
2.0,142.0,149.0545017404183,157.4063039218838
2.0,143.0,149.4030766700867,157.59089543914726
2.0,144.0,151.0615565298473,157.86972519204565
2.0,145.0,152.07011026689383,159.1551942130418
2.0,146.0,151.17809623562397,159.35409163015885
2.0,147.0,151.6943425316208,159.076418126129
2.0,148.0,150.4118363290176,158.1992740454145
2.0,149.0,150.62224560266725,157.72465363210316
2.0,150.0,150.3506789878139,156.59763492813872
2.0,151.0,150.93761320337444,156.43751162586287
2.0,152.0,150.79656051962596,153.96375354004442
2.0,153.0,150.46505143474113,153.97081938509493
2.0,154.0,149.42085796293617,151.8424670235094
2.0,155.0,148.34299698153612,152.00920378386826
2.0,156.0,147.3272129147725,154.65184518919776
2.0,157.0,147.69057551832876,154.865377208399
2.0,158.0,147.57457056911514,154.86226731194589
2.0,159.0,147.22776273169998,154.9786241573537
2.0,160.0,146.91469208163696,154.60370662511184
2.0,161.0,146.77748114579992,154.23833456781838
2.0,162.0,146.96865989300628,154.66672784977638
2.0,163.0,146.03877730484112,154.0864975536924
2.0,164.0,147.47053878631505,154.53738490823696
2.0,165.0,147.50133125692173,155.50497167512415
2.0,166.0,147.31313499911974,155.3744426260492
2.0,167.0,146.50230841921405,154.615286162273
2.0,168.0,146.52242670641022,154.33718599976876
2.0,169.0,146.39783273396324,153.77792077169653
2.0,170.0,146.49647776718268,153.96410476874004
2.0,171.0,146.75673816638775,153.95730917701553
2.0,172.0,145.13267076666094,152.19044225968574
2.0,173.0,145.9441504943897,150.83642986235358
2.0,174.0,144.84117469116012,151.5291125519326
2.0,175.0,144.39970855734057,150.30003566194566
2.0,176.0,143.36423436603928,150.5932184193774
2.0,177.0,143.95574886954577,150.32382900300033
2.0,178.0,143.45382400614056,148.85955407920642
2.0,179.0,144.58562105599563,148.63203957572364
2.0,180.0,144.6097883960585,150.1554491058665
2.0,181.0,144.7645997645855,151.76542660195366
2.0,182.0,145.05946980403368,152.6938957419098
2.0,183.0,145.38408875967562,152.31199933778544
2.0,184.0,145.94779723856055,152.98784154093175
2.0,185.0,147.57800857403294,152.2366046593
2.0,186.0,148.00442481998957,153.02528574596002
2.0,187.0,148.67121134157128,152.79520144212475
2.0,188.0,149.1856062895693,153.1274990187446
2.0,189.0,147.99088192352082,152.5402404828404
2.0,190.0,148.43157551093063,152.06799522858256
2.0,191.0,148.98395215559228,151.2675863878017
2.0,192.0,150.03462446904263,150.78580004332093
2.0,193.0,151.07593691801895,150.9576351292107
2.0,194.0,151.14986817981494,152.3984743097276
2.0,195.0,151.96532074005466,153.9053740168613
2.0,196.0,152.3715419879916,153.9875988286694
2.0,197.0,151.22617873328718,154.37385160135267
2.0,198.0,150.67783636812172,154.72559434093412
2.0,199.0,149.9277235032214,153.9334874950356
3.0,0.0,88.51678940298177,134.27118985578346
3.0,1.0,89.80333086282843,135.10104919636848
3.0,2.0,89.02212174146283,135.13673854351745
3.0,3.0,88.32209631459175,134.5173198434941
3.0,4.0,88.01289019927962,132.3160060329346
3.0,5.0,88.54639389003913,132.90472615574862
3.0,6.0,87.687791232689,131.4684732741639
3.0,7.0,87.61770646470507,132.733892873719
3.0,8.0,88.03487186033345,132.5402549663015
3.0,9.0,83.99892887146174,133.5063154336098
3.0,10.0,81.19312405066506,132.7036322704435
3.0,11.0,81.07271837129218,133.1102755651913
3.0,12.0,80.71891347330609,132.61750238252682
3.0,13.0,81.89163010244411,133.64893488588214
3.0,14.0,81.79899085924546,130.22605444368835
3.0,15.0,82.69213643530064,128.48312538865193
3.0,16.0,82.53714149979484,130.60237038080626
3.0,17.0,80.14334236950614,132.37134339291208
3.0,18.0,79.10764265244858,132.2338613700484
3.0,19.0,79.41953543718934,132.1467299388696
3.0,20.0,78.89085436375986,132.11749470462402
3.0,21.0,79.074148153337,130.19362843658948
3.0,22.0,77.23705234679099,130.84820114840056
3.0,23.0,76.20085386734577,131.4018473200226
3.0,24.0,74.90042676945694,131.26686084215453
3.0,25.0,78.78417875990375,130.4450757334303
3.0,26.0,79.00674062288859,130.47793746220154
3.0,27.0,78.59185722242577,131.49645968872406
3.0,28.0,79.05941594047431,131.26144733014675
3.0,29.0,78.84954102491338,131.49021284693768
3.0,30.0,78.26040650476348,131.16767176331425
3.0,31.0,78.86856102391654,131.28203074007448
3.0,32.0,78.9974155935631,130.03947247684405
3.0,33.0,79.208355343733,130.49702909148613
3.0,34.0,78.25206554349786,131.23437272474737
3.0,35.0,78.51487613196059,131.30798219727197
3.0,36.0,78.69903616430277,132.4835275449637
3.0,37.0,78.07105241372363,131.55254278988107
3.0,38.0,77.76619845274945,131.6724485406598
3.0,39.0,77.07385752690548,131.721906462655
3.0,40.0,75.78427221350609,131.75924554097332
3.0,41.0,74.3892508544261,131.34493411992452
3.0,42.0,74.89537800484779,131.99729417530492
3.0,43.0,76.22656588618331,132.74323988452483
3.0,44.0,75.92879333615039,132.03337643993802
3.0,45.0,74.63037611916106,132.35650942320035
3.0,46.0,74.57387208103665,132.16368480042937
3.0,47.0,72.9228564238205,132.77992793423405
3.0,48.0,71.94271117957462,132.4198172902128
3.0,49.0,73.06840633561713,133.4563114819081
3.0,50.0,70.93742136459481,134.8391231188722
3.0,51.0,72.02420156356727,136.31227949303212
3.0,52.0,71.87180058748378,136.19898246380532
3.0,53.0,71.38103904610355,136.87034026709475
3.0,54.0,73.06275315668802,138.6950380685413
3.0,55.0,73.88239393835485,139.64498376357676
3.0,56.0,73.85212527313,139.61884051281243
3.0,57.0,73.64499584202795,140.75870288783605
3.0,58.0,72.05199052293851,140.43288374711986
3.0,59.0,71.62513038853535,140.68691151776784
3.0,60.0,69.3631168964348,141.33967770180675
3.0,61.0,67.88940748026506,141.3813358609935
3.0,62.0,66.76948874636223,140.37254984496215
3.0,63.0,66.05289450797045,140.4963614002085
3.0,64.0,66.89334164525941,140.34838486919853
3.0,65.0,66.46696422055935,140.5138745749554
3.0,66.0,66.90344552659221,140.20537474807537
3.0,67.0,67.50568757381944,140.36555116985608
3.0,68.0,66.95332826864669,139.85621031324592
3.0,69.0,66.68485452322504,140.22409036870184
3.0,70.0,66.69457879922143,140.2186431879645
3.0,71.0,66.81240441828218,140.57754019339018
3.0,72.0,66.88809024392259,140.88339142366567
3.0,73.0,66.78351596530575,140.9322683750107
3.0,74.0,67.37603862255379,141.26351675081256
3.0,75.0,67.71671988853495,142.36212291680573
3.0,76.0,65.96111257452006,143.07076946427716
3.0,77.0,67.2878753497776,140.64551289469935
3.0,78.0,65.68349149526591,141.28114524212623
3.0,79.0,67.1258980285849,143.5935432700255
3.0,80.0,66.8460600477181,143.21144349898935
3.0,81.0,65.8453653802203,141.9434623769242
3.0,82.0,67.36483843670243,145.09811082808994
3.0,83.0,67.42027879180465,143.3566535605709
3.0,84.0,68.84851199038111,144.18563323587352
3.0,85.0,67.83754299467118,145.52016760945708
3.0,86.0,67.5742926831507,145.49682111928914
3.0,87.0,67.43720417978938,145.94226100719877
3.0,88.0,67.6117401366722,145.83639792753033
3.0,89.0,67.21605672063473,145.96595193054344
3.0,90.0,67.20087574841595,145.9140483236359
3.0,91.0,67.36330318004893,146.4230324075156
3.0,92.0,67.51655688190242,145.9065765889953
3.0,93.0,67.87373267152829,146.508043577002
3.0,94.0,67.43069433166026,146.71893259706144
3.0,95.0,67.37134321000832,146.4178438245295
3.0,96.0,67.49136113182267,146.35383819634868
3.0,97.0,67.837368361078,146.09293454588718
3.0,98.0,68.12802613902976,146.0910367602957
3.0,99.0,68.10166443638299,146.23690754448876
3.0,100.0,67.94786395973225,146.35279950719348
3.0,101.0,67.7662221069729,146.14572763386929
3.0,102.0,67.30959224091912,146.28519196988665
3.0,103.0,67.12626779478056,146.3613824826055
3.0,104.0,67.6567219184008,146.2651083026815
3.0,105.0,67.79371221104218,146.70297914779186
3.0,106.0,68.22329294531299,146.2908333827447
3.0,107.0,67.78000265393797,146.57001292504012
3.0,108.0,67.81421391894345,146.6612470529155
3.0,109.0,67.88039858196214,147.02415780733364
3.0,110.0,67.69537395273625,147.16877134686678
3.0,111.0,67.50120964067735,146.6905458613764
3.0,112.0,67.4869670520916,147.11121161888704
3.0,113.0,67.7082270059837,147.54617032826255
3.0,114.0,67.66700958507784,147.07899177629645
3.0,115.0,67.70337263333822,147.04701220711374
3.0,116.0,67.26929208750835,146.96468378478716
3.0,117.0,67.05644051291158,146.9467380124555
3.0,118.0,67.10598137338658,146.75329151032454
3.0,119.0,67.70759812942933,147.42174166567827
3.0,120.0,67.62953198171408,146.39935760425902
3.0,121.0,67.33010635355328,146.4299332351562
3.0,122.0,67.33146913770783,145.83098558826043
3.0,123.0,67.48321394069535,146.14496436837345
3.0,124.0,67.78147233960993,146.3213263414154
3.0,125.0,68.05726356102656,146.29494785110236
3.0,126.0,67.38592059230749,146.4695735301463
3.0,127.0,67.92412700338805,146.2140416081931
3.0,128.0,67.7822231424748,146.4550927441551
3.0,129.0,67.47659734726413,146.23251026889076
3.0,130.0,67.21964300392195,145.9641556517955
3.0,131.0,67.11105072092258,146.1403089113501
3.0,132.0,67.54122050528423,146.9790048046793
3.0,133.0,67.21355626136057,147.08277134919834
3.0,134.0,66.83754759588867,147.506352846495
3.0,135.0,66.76428446919837,147.45055889722303
3.0,136.0,66.89097121786251,147.23471224834043
3.0,137.0,66.50961946567494,146.94327836977726
3.0,138.0,67.616217092477,144.9789075129694
3.0,139.0,68.6503861538165,146.0041240396511
3.0,140.0,67.33464373422414,145.04484498485053
3.0,141.0,66.43190775478033,144.59994397641665
3.0,142.0,65.33012090596493,144.98320270384238
3.0,143.0,65.07027135217015,144.56397686297933
3.0,144.0,66.43124932282525,145.1596910327669
3.0,145.0,68.83411614758793,143.96351799607984
3.0,146.0,67.66330846642539,142.15695221159683
3.0,147.0,67.00684272438541,141.8098059846376
3.0,148.0,66.42009016454851,141.9876115778058
3.0,149.0,66.0165414875564,142.96430120863235
3.0,150.0,65.17715982223761,143.38660703392466
3.0,151.0,66.36369528607649,143.74165390980656
3.0,152.0,66.39777297070933,143.8856980846191
3.0,153.0,66.06078512731678,142.76192784809217
3.0,154.0,65.78554539851874,141.48858007490628
3.0,155.0,66.70039848305238,141.0659894389194
3.0,156.0,67.4431576401529,139.40089408751072
3.0,157.0,67.88108818773296,138.82196161073645
3.0,158.0,67.86144810384398,138.23058044979177
3.0,159.0,66.2408952796901,139.12804123551584
3.0,160.0,67.14628079230863,139.57621617170628
3.0,161.0,67.05611857583925,140.0253967015627
3.0,162.0,67.48906963128128,140.17373531383467
3.0,163.0,66.40897239975789,142.73409157309337
3.0,164.0,64.70109135833835,143.96385773884705
3.0,165.0,63.11074805580167,143.2221318162237
3.0,166.0,64.48663218153703,142.61441314640865
3.0,167.0,64.79864138186689,143.15430232146502
3.0,168.0,64.85107983114908,142.5348693641124
3.0,169.0,66.84760401472477,142.87208700273814
3.0,170.0,68.2958851485508,141.2571447592455
3.0,171.0,67.27715928456328,139.79727859955912
3.0,172.0,65.35971175345233,138.9627374514289
3.0,173.0,65.44056514646849,139.58237925753238
3.0,174.0,65.16406457779944,139.71880009036556
3.0,175.0,64.7168523049912,139.4049658284804
3.0,176.0,64.1678009430802,138.15120872650465
3.0,177.0,63.93380624076234,139.75953005074282
3.0,178.0,63.82655943681681,140.3106161690497
3.0,179.0,65.87666879539451,139.9385314169087
3.0,180.0,65.58495932714473,140.2478673470756
3.0,181.0,64.35250135396981,138.6403420225197
3.0,182.0,64.42083279209736,139.35099736561574
3.0,183.0,65.15310678693429,138.39095292946777
3.0,184.0,64.83673422453668,137.60010478835744
3.0,185.0,63.2122853479658,136.26233516109176
4.0,0.0,174.20850527588786,63.46440633591738
4.0,1.0,174.4379406906335,62.11449564067146
4.0,2.0,175.04863960418342,62.447282287366775
4.0,3.0,175.2103502636378,62.08687584281988
4.0,4.0,176.33337627207342,62.75816383473835
4.0,5.0,177.6120212538262,64.92930756093234
4.0,6.0,178.25259014881505,64.97253696363865
4.0,7.0,178.76612686191584,65.32800402264871
4.0,8.0,179.33235164862077,65.4373134432058
4.0,9.0,179.7310390561964,64.51076192876788
4.0,10.0,180.38741054984163,64.77744042521836
4.0,11.0,180.34202037899772,64.3302506499198
4.0,12.0,179.446460075624,64.05619862479956
4.0,13.0,178.79697547494223,64.84115605160967
4.0,14.0,177.24729891167456,65.60376602158244
4.0,15.0,176.84189000238098,63.99098461841393
4.0,16.0,176.28040409867378,62.91219875361753
4.0,17.0,176.36825964680526,63.012850343525706
4.0,18.0,175.6248968138642,63.35674825190642
4.0,19.0,175.91989294613023,64.22112213917248
4.0,20.0,176.5656611958054,64.8608457666474
4.0,21.0,176.54956372223975,64.97004509892157
4.0,22.0,176.63709637499193,64.96839452105847
4.0,23.0,177.04556549442887,64.37424060758357
4.0,24.0,176.6752768192144,64.1640235925869
4.0,25.0,176.9116406352556,64.29249807858174
4.0,26.0,177.79217806314043,64.76119096227468
4.0,27.0,177.45978016623872,64.18026065711366
4.0,28.0,177.00694163413155,64.20258261395733
4.0,29.0,177.60154693220522,65.34226431301323
4.0,30.0,176.0585654860439,65.61408739188394
4.0,31.0,175.46524572926748,65.33009894273661
4.0,32.0,175.90151443908718,64.54534343245898
4.0,33.0,175.17174793256314,64.60835098927295
4.0,34.0,175.32627655316284,63.88972616223926
4.0,35.0,175.03018597111253,63.482045997892726
4.0,36.0,174.30867484995144,64.32777516964494
4.0,37.0,174.62257188450215,64.88485359701923
4.0,38.0,175.46338442235384,66.62018140795881
4.0,39.0,175.50635374572985,67.5963477549391
4.0,40.0,174.67783806219688,68.01033145284777
4.0,41.0,174.6768338689305,68.07083302565464
4.0,42.0,174.86710915364094,68.40268961625272
4.0,43.0,173.515442355604,69.10809495475857
4.0,44.0,172.70970316474654,68.75230384593841
4.0,45.0,172.44041632505645,69.22077975098249
4.0,46.0,172.79690574562042,67.72972657212374
4.0,47.0,172.0251069169468,67.00453806875981
4.0,48.0,171.7093050814946,67.99784703422968
4.0,49.0,174.3519664136096,68.22563048409087
4.0,50.0,173.4915077336835,69.41329914218686
4.0,51.0,173.85097585938584,69.11770292194868
4.0,52.0,174.62584596760843,70.05147837881597
4.0,53.0,174.3726481675726,71.98927593908599
4.0,54.0,175.53302163091158,72.10192385754846
4.0,55.0,175.34341845472088,70.98830641585653
4.0,56.0,177.29184914099204,72.1516128983889
4.0,57.0,177.76484569408902,73.57616238906795
4.0,58.0,176.90131381077404,74.51428965045669
4.0,59.0,179.83431441295127,74.30048182726294
4.0,60.0,180.13779702492715,74.92592402464689
4.0,61.0,181.7737350355934,75.75826288550655
4.0,62.0,181.3905763470802,72.68086084713735
4.0,63.0,181.45127220409043,73.31314082912553
4.0,64.0,182.45934012421856,72.91895016596847
4.0,65.0,180.81467805360592,72.64053366188968
4.0,66.0,180.78020967302297,72.4904138815632
4.0,67.0,181.9795770396329,73.70802602686369
4.0,68.0,181.42862310536077,74.26805487308089
4.0,69.0,180.99313250867064,74.46458401593273
4.0,70.0,181.9688713981228,74.52702208718227
4.0,71.0,181.97735810386055,74.70099874185419
4.0,72.0,182.76960191773117,74.83810376066138
4.0,73.0,181.95156221699256,75.9288561871225
4.0,74.0,181.62070109771207,75.48034705282753
4.0,75.0,182.3444104905117,74.87476719033374
4.0,76.0,181.6072361865644,75.8156105105175
4.0,77.0,181.725763303655,76.38081629844834
4.0,78.0,181.6908981753174,76.31185542696026
4.0,79.0,182.3609181267348,75.7692753799553
4.0,80.0,182.6723679951151,75.66939711661644
4.0,81.0,182.7619374000925,76.20326343099592
4.0,82.0,183.16515902315888,76.2453549654999
4.0,83.0,182.97459951163904,76.45245433157146
4.0,84.0,181.7601820719839,76.54569093791699
4.0,85.0,180.849601412582,77.34366236004708
4.0,86.0,180.3040871707693,77.87653744913821
4.0,87.0,179.14866383329698,78.25634628266627
4.0,88.0,179.05695426738455,78.26092067690793
4.0,89.0,179.52948350276617,77.4091332113536
4.0,90.0,178.92434809026977,77.27579012955991
4.0,91.0,178.3481142571813,76.92281424021087
4.0,92.0,179.77584480736542,76.38106525890873
4.0,93.0,179.80471030814485,75.80357307406935
4.0,94.0,179.78723404299907,75.67241401745832
4.0,95.0,180.2243369945757,75.44131650370956
4.0,96.0,180.40901063852357,75.59134518218988
4.0,97.0,180.60588711289932,74.86730938603988
4.0,98.0,180.15411743891897,75.32199991101616
4.0,99.0,180.4371626524541,74.65945816448082
4.0,100.0,181.34341560999937,74.5482244461153
4.0,101.0,181.1044222011432,74.48228739114387
4.0,102.0,181.55732277511223,73.7484045856616
4.0,103.0,182.62864056981172,73.91379643480417
4.0,104.0,183.14476338505332,73.80860073151064
4.0,105.0,183.38302877791912,73.57504079190507
4.0,106.0,183.25234316851845,72.17873486391262
4.0,107.0,183.91965831117295,72.90718639058818
4.0,108.0,183.7083728711044,73.22218409190984
4.0,109.0,182.70906785202243,72.97189450986417
4.0,110.0,182.90909984235296,72.73066833703608
4.0,111.0,183.07151620782648,73.23714231010953
4.0,112.0,182.576492414556,73.36124598226307
4.0,113.0,182.60541961045345,71.9990173351821
4.0,114.0,181.84960625373776,72.1092639149664
4.0,115.0,183.3986351539423,71.6249029453452
4.0,116.0,183.8017467497296,70.56145853697029
4.0,117.0,183.43289731498575,71.34910885246063
4.0,118.0,183.23978321641337,69.92538137478226
4.0,119.0,183.76774699841343,69.3787311361729
4.0,120.0,185.1157864084848,69.42812738070619
4.0,121.0,184.79096672710628,68.93684050767381
4.0,122.0,184.22318022272296,68.10323634381666
4.0,123.0,185.47213915833228,67.4587086798845
4.0,124.0,184.2702673449336,67.31140234343549
4.0,125.0,182.6592018757011,67.57463733381545
4.0,126.0,182.0270193405373,67.31709376132382
4.0,127.0,181.2947955072501,66.53305591346678
4.0,128.0,181.4409016434963,65.28568343587825
4.0,129.0,181.73291555876196,64.4024676201341
4.0,130.0,180.4454374691969,65.74047419885338
4.0,131.0,180.65701058142176,66.82707512404585
4.0,132.0,181.1741388663781,67.34993395203348
4.0,133.0,181.6844213343087,68.71819455404726
4.0,134.0,182.5264890259864,68.95482183636285
4.0,135.0,183.40530555460643,68.5440273367365
4.0,136.0,184.9733977444388,69.32777787571057
4.0,137.0,184.94696935460811,70.42558477220147
4.0,138.0,185.39063917304983,71.27240432007216
4.0,139.0,186.27421849046075,70.31708220835638
4.0,140.0,186.1162627467826,69.89577960626536
4.0,141.0,186.57046845241288,69.56302903685682
4.0,142.0,186.3710053612117,68.34453304597686
4.0,143.0,185.9542083712748,69.1591462931993
4.0,144.0,187.64175388611187,69.04564824953188
4.0,145.0,187.98145304902832,69.31229841115781
4.0,146.0,187.31459871491225,68.40968559262107
4.0,147.0,186.30939838474515,69.6533731679293
4.0,148.0,187.60887126747767,70.16952641334333
4.0,149.0,187.64990152871752,70.20831687004916
4.0,150.0,189.43015372706023,71.47909527243134
4.0,151.0,190.1785145321072,71.92925567975168
4.0,152.0,189.63371932341937,75.0002277179016
4.0,153.0,187.7072166689516,74.1504601477915
4.0,154.0,187.8208309903013,73.59788619744391
4.0,155.0,188.2308867361261,73.29483954460714
4.0,156.0,189.41927635767613,74.3486548113309
4.0,157.0,189.1886749251754,76.26916438529614
4.0,158.0,188.14882714510813,77.74136663215923
4.0,159.0,184.52828453683995,78.88015231732743
4.0,160.0,185.36301247862733,79.71353212771093
4.0,161.0,185.6931548438383,78.62152084382912
4.0,162.0,185.39816236672652,78.03953124874293
4.0,163.0,185.96211459819125,77.54059478453082
4.0,164.0,187.0248790030813,76.65139938384685
4.0,165.0,186.91552627426296,77.2805858723727
4.0,166.0,186.84581194103865,78.10050141879813
4.0,167.0,186.20222374628372,77.75753655944176
4.0,168.0,185.62243837572552,77.84669962097786
4.0,169.0,186.43849886030196,76.93968164515054
4.0,170.0,185.15845039051248,77.60410781446205
4.0,171.0,184.2333229956297,78.02910390125669
4.0,172.0,184.1232184593993,78.46736827982203
4.0,173.0,181.6265133389957,78.50698051973502
4.0,174.0,182.01561963088267,77.78063945949528
4.0,175.0,181.55345785767952,78.26979411544768
4.0,176.0,181.510503688821,77.89611695149829
4.0,177.0,181.22903748955744,78.47735617160012
4.0,178.0,180.85352337150212,78.82681654388011
4.0,179.0,182.08367144965405,79.51001027077538
4.0,180.0,181.41915859264293,79.56965213597188
4.0,181.0,182.18047828779495,80.13143760267249
4.0,182.0,183.23896559607635,80.77817882251031
4.0,183.0,184.33203742975655,82.44432107669618
4.0,184.0,184.04643362704385,83.09122192010747
4.0,185.0,184.97852831587164,84.13105870150709
4.0,186.0,185.0907828938253,83.65514998236166
4.0,187.0,183.4321778500103,84.31314741450274
4.0,188.0,183.90858418379028,85.28040302298716
4.0,189.0,184.2084326235673,85.22566917767554
4.0,190.0,183.7111741092145,84.39600247679
4.0,191.0,185.51480303729977,84.64745618338624
4.0,192.0,184.33841816888275,86.22608610826278
4.0,193.0,182.97703167518924,86.34641076854227
4.0,194.0,184.34964663421093,87.09080411514407
4.0,195.0,182.91782091206105,87.01518616274126
4.0,196.0,182.71248412345585,86.9867975424478
4.0,197.0,183.15562968729023,86.64290585391029
4.0,198.0,183.5021696221146,86.58475192738148
4.0,199.0,183.91456611253344,86.61094326514356
5.0,0.0,75.32069282710349,169.75029346394467
5.0,1.0,73.49828227404387,168.18639998671637
5.0,2.0,73.4564670022257,169.5807732652263
5.0,3.0,74.37797120702392,168.6319178062033
5.0,4.0,74.1651653355214,168.73834717629842
5.0,5.0,72.82108188951504,168.53244838318147
5.0,6.0,74.84058108047446,168.4379809545174
5.0,7.0,76.1753443764376,170.06625191962996
5.0,8.0,75.6701667453086,171.88252511052937
5.0,9.0,74.85744593424704,170.2658728311835
5.0,10.0,74.82168066813178,170.91270575765293
5.0,11.0,76.13324399151075,171.1956679081587
5.0,12.0,75.5451980766153,171.67856516275614
5.0,13.0,74.96122631562544,172.95996352033896
5.0,14.0,73.47138727615554,173.921785231883
5.0,15.0,72.71104141157055,175.73261700846385
5.0,16.0,75.15137194412951,175.97063991636475
5.0,17.0,77.1918430809073,177.49433990259016
5.0,18.0,79.23923733419194,179.1498616449845
5.0,19.0,78.41978725870769,178.5317661085686
5.0,20.0,79.2094714443303,178.67520838194278
5.0,21.0,79.15761313342723,178.72501606110467
5.0,22.0,79.49825761521292,177.33238757298875
5.0,23.0,79.96249527272617,176.97676275829923
5.0,24.0,79.1280749187219,176.78999095347223
5.0,25.0,78.09298836228692,177.22040033800192
5.0,26.0,78.11767940660093,176.3264929219133
5.0,27.0,77.82497870452443,175.63204981601996
5.0,28.0,77.9196275445046,176.88077827201863
5.0,29.0,77.70849847311231,175.6646593302697
5.0,30.0,76.92055194287683,174.1130552105203
5.0,31.0,75.71631349351831,173.0929072903698
5.0,32.0,76.12796488095924,172.8160291060321
5.0,33.0,76.4529348672799,172.8648702689759
5.0,34.0,76.73615528831601,174.11556002183875
5.0,35.0,76.1639597966624,174.1957151377183
5.0,36.0,75.43597657427674,174.54359802270244
5.0,37.0,73.77029961434832,175.1400597667078
5.0,38.0,73.76616279077227,176.35613565543375
5.0,39.0,72.61112968036097,175.8839355935762
5.0,40.0,73.23108745246407,176.61429284478186
5.0,41.0,73.33022850679961,176.4159985620792
5.0,42.0,72.72223812605972,176.42100749898202
5.0,43.0,72.67383490486294,176.39097926843138
5.0,44.0,72.68889632724185,176.2465452903186
5.0,45.0,71.94935637417726,176.53388205843655
5.0,46.0,71.60041442718999,177.51506225980498
5.0,47.0,73.30169668858001,176.69104449472485
5.0,48.0,72.17928034377357,177.00259133314384
5.0,49.0,71.50442078643795,178.5637023202066
5.0,50.0,71.49898226368178,178.21142560356827
5.0,51.0,70.69363135001363,179.4690783380037
5.0,52.0,72.18280128973198,179.88628395347175
5.0,53.0,71.16795108781722,180.33369488143617
5.0,54.0,70.54738342838921,181.9678311436668
6.0,0.0,180.55776298185089,117.8863747466399
6.0,1.0,181.1148711462403,118.37592674300636
6.0,2.0,181.28388201441152,119.07066552068036
6.0,3.0,180.8915353387983,120.85119080775505
6.0,4.0,181.93290897759724,120.71039927499972
6.0,5.0,181.70207146751,120.53445820190112
6.0,6.0,182.31020180603628,120.3778634859732
6.0,7.0,182.1596299248229,120.7470663578654
6.0,8.0,181.97678214745216,121.88481589674308
6.0,9.0,183.03138969877145,121.31299201328032
6.0,10.0,182.45422665780703,122.30583844966806
6.0,11.0,182.50868585034536,120.56705198131765
6.0,12.0,182.6632348599512,120.09869923044567
6.0,13.0,181.1545303503552,121.32083753341898
6.0,14.0,180.43958429935745,119.60171192446052
6.0,15.0,180.2982205014261,120.35883167481828
6.0,16.0,180.642048938764,120.43186845910604
6.0,17.0,181.15212967751307,120.57614406648746
6.0,18.0,181.75221483135465,120.71794770407423
6.0,19.0,182.2605828577888,120.67745446050448
6.0,20.0,183.05968562880304,121.93157579749496
6.0,21.0,184.2189019328895,121.2095976393171
6.0,22.0,182.87503833733507,120.6006915513002
6.0,23.0,183.26436971305245,120.42499071366444
6.0,24.0,181.77969763112435,120.4044389607896
6.0,25.0,181.83357369780447,121.14088495954871
6.0,26.0,182.06613931555225,121.68166549994172
6.0,27.0,182.16923784859765,122.18499612379736
6.0,28.0,184.28768974613652,121.57298367525964
6.0,29.0,184.22713433848293,121.28914317723088
6.0,30.0,184.9015820098628,119.64880190638158
6.0,31.0,184.57807824807117,120.72272220613684
6.0,32.0,184.7179800175888,120.9220155758468
6.0,33.0,183.99482322203735,120.82327854277167
6.0,34.0,183.81182009917595,120.81501461527463
6.0,35.0,183.5278365783552,120.79859827467664
6.0,36.0,183.2207832724009,120.23576064377347
6.0,37.0,183.1010056935092,119.20864298894791
6.0,38.0,183.4673824967213,119.08112280445276
6.0,39.0,184.12712168780848,118.69539561268
6.0,40.0,184.36172177001615,118.33290152967434
6.0,41.0,184.09124238683427,118.35837298234917
6.0,42.0,185.72947069395505,117.9044410000476
6.0,43.0,184.01721839729305,117.06288600746984
6.0,44.0,183.6006956926539,116.2254611641842
6.0,45.0,183.3060996762204,117.98710042580134
6.0,46.0,182.7955760187941,116.8451113527252
6.0,47.0,183.8344660712282,116.72940698680792
6.0,48.0,184.64302323686613,115.81225845117054
6.0,49.0,183.88748794358008,116.03283601897836
6.0,50.0,182.5905237286952,117.0453155275579
6.0,51.0,182.53713492945576,116.97819829391152
6.0,52.0,183.4056200355976,117.96371091362003
6.0,53.0,184.0614085741932,118.09176319346898
6.0,54.0,184.65791859004284,118.95785291961474
6.0,55.0,183.2982762791216,119.36127431583832
6.0,56.0,183.17243425120148,118.74008410471151
6.0,57.0,184.0257095450046,116.5079140634857
6.0,58.0,185.33540643283388,117.59942361273428
6.0,59.0,184.9714276451361,118.63190600852744
6.0,60.0,185.0227725147124,117.31129596114468
6.0,61.0,184.8276700694736,117.1731947401908
6.0,62.0,184.2536067448065,117.0427912388854
6.0,63.0,183.52629489130084,118.34412102828225
6.0,64.0,182.40152834853757,118.57402394426704
6.0,65.0,183.57573209551532,118.39558800096891
6.0,66.0,182.738106265845,119.4854929822162
6.0,67.0,184.71779782217249,119.376691625624
6.0,68.0,183.8434824212033,118.84404220534783
6.0,69.0,184.5822779908304,119.33999157231402
6.0,70.0,182.83294925283903,119.31143502796432
6.0,71.0,182.5136351324265,116.84976161289217
6.0,72.0,180.3585489371062,117.36360705170976
6.0,73.0,178.30805142901866,115.5936913356043
6.0,74.0,179.57980822654736,116.37053796720318
6.0,75.0,180.07461287276885,117.24835444589552
6.0,76.0,180.8344935385896,115.71242797295707
6.0,77.0,180.88052779758465,115.23998592140758
6.0,78.0,180.43695368544908,115.56242382791366
6.0,79.0,179.8947481414109,114.9504434878805
6.0,80.0,179.96587416194475,115.12942861575944
6.0,81.0,179.8386139092793,114.97508988952438
6.0,82.0,178.87791984614424,114.72080536431366
6.0,83.0,178.95191161150674,114.7277260010498
6.0,84.0,178.78292375368707,114.09030890499196
6.0,85.0,178.68762294982943,114.00200821089024
6.0,86.0,178.8614347803333,114.0320715582365
6.0,87.0,178.788205008979,114.2427078116276
6.0,88.0,178.68428211551256,113.96316598633317
6.0,89.0,179.0133637342153,113.6636107385129
6.0,90.0,179.30591819421753,113.08261219772244
6.0,91.0,179.38421465738676,113.524671374537
6.0,92.0,179.9294150139209,114.04976529339754
6.0,93.0,179.81456167034085,113.92266196509362
6.0,94.0,179.51369365119834,113.9750100125608
6.0,95.0,179.9708824381778,113.0491212433645
6.0,96.0,180.75982630554515,113.51527989809613
6.0,97.0,181.0917383196176,113.20101751779018
6.0,98.0,181.01242305865983,113.46485225692258
6.0,99.0,181.11044738199456,114.43333571178104
6.0,100.0,181.6386874304489,113.987973860667
6.0,101.0,181.7432738032477,113.891544737387
6.0,102.0,180.6961630107246,114.47812940827492
6.0,103.0,179.80996164855443,114.00592103517025
6.0,104.0,180.2381719725068,113.95516788585422
6.0,105.0,179.9752381908713,114.417689152627
6.0,106.0,179.4257079283688,114.51282491532254
6.0,107.0,180.4087625302142,115.02288312039114
6.0,108.0,180.29227839214457,113.74612195438657
6.0,109.0,179.92868577825558,113.33987254670488
6.0,110.0,175.97546417959236,113.73254669577064
6.0,111.0,175.51474569873045,113.48584578442542
6.0,112.0,175.65171539056047,113.48806160906508
6.0,113.0,176.43255694632091,112.56088954553157
6.0,114.0,175.6773183204419,112.8331340346867
6.0,115.0,175.38093826400114,112.41432734369226
6.0,116.0,175.0397945638729,112.40039795133724
6.0,117.0,174.83659113712903,112.20683724558909
6.0,118.0,175.3317414192165,112.55010009998526
6.0,119.0,175.49535900363549,112.25622087101353
6.0,120.0,175.45548757791136,112.1337536242441
6.0,121.0,175.14639641180787,111.67856318242664
6.0,122.0,174.84634500829418,111.23065536835551
6.0,123.0,174.76912512366343,111.44899651661107
6.0,124.0,175.46324844530722,111.47959474903972
6.0,125.0,175.6693916290601,111.64166437594106
6.0,126.0,175.47202560631388,111.92481177973954
6.0,127.0,174.9281087181826,111.40346055916125
6.0,128.0,174.07084615102863,111.28322023285295
6.0,129.0,173.6556544499109,110.74454704830228
6.0,130.0,173.99206396118072,110.53254795430772
6.0,131.0,173.79366051083318,111.1292791646059
6.0,132.0,173.86456298718886,110.5254908226814
6.0,133.0,173.95455815793343,110.20943032427046
6.0,134.0,174.34193329366676,110.33040859422604
6.0,135.0,174.60346253989366,110.10819422128996
6.0,136.0,174.7815229472952,109.8274986849863
6.0,137.0,174.491965796369,109.27910582697652
6.0,138.0,174.86586250141372,109.44815002449404
6.0,139.0,174.53875643411376,109.00240457076929
6.0,140.0,174.06149858149,109.29656404570456
6.0,141.0,174.63031340140984,109.17286024098075
6.0,142.0,174.95920280411735,109.4059937445538
6.0,143.0,175.1937380937905,109.55767514191342
6.0,144.0,174.86857241842256,109.82156696466753
6.0,145.0,175.06105189748402,109.37701268436456
6.0,146.0,175.76255033477105,109.10566938050135
6.0,147.0,176.446358054858,109.06165570858435
6.0,148.0,176.20644206117754,108.8393988046626
6.0,149.0,176.21026595698476,109.05584915014629
6.0,150.0,176.14403916776715,109.33295381205308
6.0,151.0,175.2732070724683,108.92804304437216
6.0,152.0,174.59112996418534,108.93475539472313
6.0,153.0,174.58222017037716,110.50224762708233
6.0,154.0,174.94241991948823,110.25973065243436
6.0,155.0,174.60298100654003,110.61590370771472
6.0,156.0,174.58710483739253,109.46259718862964
6.0,157.0,174.92960360153558,109.31936759377048
6.0,158.0,175.06820632430367,109.16052817082728
6.0,159.0,175.0784621857417,108.57222304245876
6.0,160.0,176.16743343997035,109.73723586742074
6.0,161.0,177.35170545221368,109.00901784919752
6.0,162.0,177.8980397293794,109.27364729441452
6.0,163.0,175.16532902239828,110.18758553831935
6.0,164.0,176.12886288936426,108.36418886958576
6.0,165.0,176.45717887737496,108.38938572694504
6.0,166.0,176.12746392543085,108.40685649919703
6.0,167.0,176.61175964144024,107.530625264022
6.0,168.0,176.36018116921647,107.80063594904212
6.0,169.0,176.30799731226938,107.6289678272463
6.0,170.0,176.29591637178254,108.1566788186908
6.0,171.0,176.0731919518232,107.48522501836828
6.0,172.0,176.33766212839598,107.20053432788806
6.0,173.0,177.04768246213118,107.07674958446738
6.0,174.0,177.34479831268754,107.10741083355197
6.0,175.0,177.18639042432542,106.50615754401964
6.0,176.0,176.70660348439793,106.146229529248
6.0,177.0,176.1062833144538,105.04242177704133
6.0,178.0,175.63775769537432,105.12575685683716
6.0,179.0,175.00347635546376,104.94006850255852
6.0,180.0,175.3402672716047,105.21185153245642
6.0,181.0,175.85382906256976,103.27597491850506
6.0,182.0,176.47217509068912,104.25852834493888
6.0,183.0,176.96230824680558,105.01608983239706
6.0,184.0,176.428312538206,106.3963283335892
6.0,185.0,176.78067718307332,106.0627698624541
6.0,186.0,175.74621586190284,106.33346835951824
6.0,187.0,176.50295353899372,107.49975927078552
6.0,188.0,175.71437115585078,107.80968980024088
6.0,189.0,175.55451014232727,107.24104054852364
6.0,190.0,175.90702787193354,106.9032362788471
6.0,191.0,175.69085136259915,106.87723608129448
6.0,192.0,175.7622402151322,108.87643603307431
6.0,193.0,175.96064562075668,108.89132891476424
6.0,194.0,176.63118061461327,108.49466081282355
6.0,195.0,177.10149306095897,108.48232561252048
6.0,196.0,177.17613996301486,108.80196188063414
6.0,197.0,176.5949155503967,108.8042273466345
6.0,198.0,176.90481291449453,109.72789934513716
6.0,199.0,176.83825523759364,109.74612537899402
7.0,12.0,64.49196478631981,89.71436332252598
7.0,13.0,64.64618212081247,89.51956990514255
7.0,14.0,65.16420141395076,88.97255096648622
7.0,15.0,65.22374865606142,89.05656254073969
7.0,16.0,65.21300531204085,89.3430513883918
7.0,17.0,65.92516998468932,89.20895412507733
7.0,18.0,65.42586123624653,89.37604528146312
7.0,19.0,65.48036058513294,89.92466485613059
7.0,20.0,65.1556263168402,89.48097455004344
7.0,21.0,65.14990686647853,89.99896619756176
7.0,22.0,66.18345312440476,90.46234920147803
7.0,23.0,66.1169209370199,89.54538994513726
7.0,24.0,67.28146725246651,89.13723109872426
7.0,25.0,67.41024420439052,90.49080179350824
7.0,26.0,66.53431628037414,91.40348702790428
7.0,27.0,66.72490771884276,93.12438234698828
7.0,28.0,66.48510665397919,91.91153358793464
7.0,29.0,66.5580636516155,91.02995106124932
7.0,30.0,67.16702520839608,90.84271343004303
7.0,31.0,65.1941962489828,90.68242988804828
7.0,32.0,65.26440170221153,90.14188295703556
7.0,33.0,65.00105025669907,91.03534533776764
7.0,34.0,64.73168144235156,90.84937073385072
7.0,35.0,66.24243762583838,92.13985974716444
7.0,36.0,65.233319269226,91.9886916170361
7.0,37.0,65.63560105857994,92.51378742909402
7.0,38.0,67.62990384727351,90.40924202792408
7.0,39.0,69.2545727072642,90.30211157399022
7.0,40.0,68.99679375408643,90.4888475682819
7.0,41.0,66.12123106906088,90.00803805338045
7.0,42.0,65.53837960640836,92.8579622314764
7.0,43.0,67.32870836869104,93.8398162580885
7.0,44.0,67.26374311987507,92.70726643135
7.0,45.0,64.35883846397766,94.01262694450632
7.0,46.0,64.84005931441295,91.91455689777771
8.0,59.0,63.14694317878963,90.0993797005266
8.0,60.0,64.56261197034712,88.91570793754346
8.0,61.0,63.32415780723849,89.76737272957007
8.0,62.0,65.72919994794228,90.56814989013674
8.0,63.0,66.9264927358031,89.76901349682342
8.0,64.0,67.58958855636862,88.69928685214578
8.0,65.0,66.82342802981138,89.21418848916574
8.0,66.0,66.82360442241378,87.3573396644946
8.0,67.0,66.35324186481435,86.18533620495613
8.0,68.0,65.98264034215441,86.63599345635693
8.0,69.0,65.82558228874034,87.63106606108042
8.0,70.0,65.7973152018756,87.17957626099653
8.0,71.0,66.3308983022124,86.95417528113452
8.0,72.0,65.0123596875876,86.41850086637683
8.0,73.0,65.4843760799588,85.55228766897561
8.0,74.0,66.41019518186377,86.75250790649412
8.0,75.0,64.9539513309437,87.50167806772644
8.0,76.0,65.04898414920271,86.77279457900491
8.0,77.0,65.88722649974105,86.46866318100176
8.0,78.0,64.99108713167936,86.32169414869607
8.0,79.0,63.82326795060119,86.2121826748033
8.0,80.0,64.08710726025576,87.47504612663056
8.0,81.0,65.35273808850273,87.96868847857114
8.0,82.0,63.39252113424474,86.55797696501237
8.0,83.0,64.97185272895236,85.85323510149371
8.0,84.0,63.113758542418736,83.90829671408227
8.0,85.0,65.13545497004385,84.23475732144117
8.0,86.0,65.38131083896697,85.03934157562577
8.0,87.0,64.82905391575841,84.8134173934299
8.0,88.0,65.6474227754884,85.46662920039975
8.0,89.0,64.06121665908566,89.09964082804032
8.0,90.0,63.18289637871474,90.3672082502057
8.0,91.0,63.46786353422494,89.43318810139094
8.0,92.0,63.33059094279466,89.95932104759582
8.0,93.0,63.55026699181605,90.00995368839972
9.0,154.0,64.09465557903513,92.2233446510101
9.0,155.0,64.38586827064267,92.89184821794689
9.0,156.0,63.66467797841456,91.53743662934149
9.0,157.0,66.16609492922582,92.75366835156852
9.0,158.0,66.02427507666971,92.14585146276988
9.0,159.0,66.90992782189241,92.56156929500564
9.0,160.0,66.65412142846428,91.59460782667158
9.0,161.0,67.43837929282627,90.85868580651402
9.0,162.0,66.7822926511772,91.70427516687823
9.0,163.0,66.2387532812245,90.40030027778968
9.0,164.0,65.75587676066054,90.57746308181795
9.0,165.0,66.15717750806925,91.21863761990362
9.0,166.0,65.31580024959642,90.75974373794811
9.0,167.0,65.69883547057906,91.37456162826388
9.0,168.0,65.01778218896074,92.50254825125224
9.0,169.0,66.2654231375743,91.70947881186892
9.0,170.0,67.46828134708586,93.5433859333256
9.0,171.0,66.67751794829476,94.54221300039268
9.0,172.0,67.21305980757849,94.0512728985467
9.0,173.0,66.22476569612408,95.27715163375083
9.0,174.0,65.70310591718888,94.90528493747166
9.0,175.0,64.60791118619221,95.40167563063738
9.0,176.0,63.68257615390822,95.34747058511056
9.0,177.0,63.982499491748825,94.8179447477281
10.0,0.0,91.7053679040474,129.8589055960368
10.0,1.0,91.61315236143732,130.43898099640995
10.0,2.0,92.03445156087258,130.26978049390257
10.0,3.0,91.05178888647512,130.0953998418644
10.0,4.0,90.73822239836106,130.52587811148794
10.0,5.0,91.22395278837212,129.03349951939632
10.0,6.0,91.6092692104674,128.73840899467922
10.0,7.0,90.26737072565716,129.01365272027527
10.0,8.0,90.88798381274086,128.05543504511
10.0,9.0,91.69784316366564,127.99824905516373
10.0,10.0,89.39871236627609,128.4452630652068
10.0,11.0,89.94006013537324,128.17650864249347
10.0,12.0,89.71198549038576,128.1019305948907
10.0,13.0,90.67973231094224,126.06760134573356
10.0,14.0,90.51443967089176,126.47323356725413
10.0,15.0,91.15875981828412,125.03377842954684
10.0,16.0,91.79444189927476,124.4782235605702
10.0,17.0,92.0147947065887,123.84624109241324
10.0,18.0,91.11824131852276,124.79054572644829
10.0,19.0,91.21214862425778,125.38141463613177
10.0,20.0,91.64274342003286,123.3613557893335
10.0,21.0,91.80962815484897,124.54332711806606
10.0,22.0,90.11457455640954,122.88108800698303
10.0,23.0,90.71560966408715,125.48812129990976
10.0,24.0,91.96142162123628,125.62468269506026
10.0,25.0,91.2432704774855,125.47182202716267
10.0,26.0,91.6102296930649,124.4372439554524
10.0,27.0,91.46529175395702,125.84955855228824
10.0,28.0,91.18800237635928,126.13466785684784
10.0,29.0,91.732095327303,125.91171755739464
10.0,30.0,91.39946514399598,124.75431387219956
10.0,31.0,91.60141585293135,124.92281754072997
10.0,32.0,89.56714337106895,123.67777320161156
10.0,33.0,88.25607835421157,124.55196193352762
10.0,34.0,87.65467535890909,124.88508114822864
10.0,35.0,87.740801243018,125.09529117901064
10.0,36.0,88.59030391212178,124.50724648513312
10.0,37.0,87.48890850073379,124.3821053060985
10.0,38.0,87.58090184774615,126.0876332100807
10.0,39.0,86.58011707625057,126.64499564325573
10.0,40.0,86.29715031242876,125.00413075019988
10.0,41.0,86.19885364627729,125.45412240059946
10.0,42.0,85.85033166192102,125.18533947144388
10.0,43.0,85.54133118012307,124.28769033642963
10.0,44.0,85.19143138134342,122.5615586698513
10.0,45.0,84.93386807280892,121.70345359270604
10.0,46.0,84.97720506564633,120.7534781967202
10.0,47.0,84.96879983238247,119.34228725643943
10.0,48.0,85.48191612713721,118.29547828611828
10.0,49.0,85.42353616387325,120.43455690131955
10.0,50.0,86.41853517755816,120.79061370442584
10.0,51.0,87.12153354114332,122.39571430949636
10.0,52.0,86.64875362858295,121.0057030979092
10.0,53.0,86.53523456653029,120.28779839108827
10.0,54.0,85.97048016437016,121.34835748616686
10.0,55.0,86.62343224117043,120.56760033879188
10.0,56.0,85.47867240192346,120.87980339268331
10.0,57.0,86.30326788049683,120.98345921532784
10.0,58.0,85.93900433739456,121.06784586581624
10.0,59.0,87.22929882741565,123.08426490084888
10.0,60.0,87.73854517342166,123.88827264971631
10.0,61.0,87.92556265600503,123.59495024866456
10.0,62.0,87.28341474517507,123.62189174908148
10.0,63.0,86.28980836483304,122.98043793912444
10.0,64.0,86.90478093456478,123.16928866119876
10.0,65.0,86.66880296876792,123.66367784783225
10.0,66.0,86.85898478264069,124.25800598258552
10.0,67.0,86.61543353264263,124.01094693052144
10.0,68.0,87.9852479555322,125.83672371259348
10.0,69.0,87.40590867844006,125.03002046713902
10.0,70.0,87.8936776589505,124.5240759556245
10.0,71.0,87.62430113538393,124.97169960778264
10.0,72.0,88.85148906397013,126.72671986170614
10.0,73.0,88.39228983132871,126.7978101882592
10.0,74.0,88.81366897033219,128.15387774761868
10.0,75.0,88.59439647037509,126.67333737463336
10.0,76.0,89.27065962702167,127.96621052746848
10.0,77.0,89.35533018037853,127.24159045400792
10.0,78.0,88.69612318703544,126.44290401397464
10.0,79.0,89.67414167827704,126.3185298845122
10.0,80.0,88.34303102678429,127.9920048772624
10.0,81.0,88.46508746728473,128.3755068628936
10.0,82.0,90.00102390070718,129.1170930373912
10.0,83.0,90.7616077603203,129.1203304912271
10.0,84.0,91.19127231815727,129.16904312418774
10.0,85.0,91.1327081807328,129.18566128716714
10.0,86.0,90.5821151471801,129.41911848537583
10.0,87.0,91.36551638195785,129.80982047084234
10.0,88.0,90.3114123621034,130.73689686376096
10.0,89.0,90.98069029850002,131.25450335694651
10.0,90.0,91.55201943558484,130.8427351662395
10.0,91.0,91.66399935539388,130.49423096759756
10.0,92.0,91.1824447793506,130.33054615490724
10.0,93.0,90.34484191896424,132.01255640865705
10.0,94.0,90.01707954624554,131.76537019115858
10.0,95.0,90.2257357519968,131.56803170052373
10.0,96.0,90.87545691040086,131.47066055944217
10.0,97.0,91.0055118271891,130.9120209041519
10.0,98.0,91.66495022938618,130.6827243012711
10.0,99.0,91.53988668131738,132.08997089985854
10.0,100.0,90.79940870982009,131.30490533300576
10.0,101.0,89.96467827264411,130.2509195685051
10.0,102.0,91.01650701456283,129.49417525256328
10.0,103.0,89.62134288045627,129.94362471146212
10.0,104.0,87.9937090994834,129.49301934234262
10.0,105.0,89.45633465064893,128.99876976199033
10.0,106.0,90.56811269199734,129.4374685190618
10.0,107.0,89.93607022686739,127.01928168745197
10.0,108.0,91.32451885616364,126.27452078034868
10.0,109.0,92.2552509676366,124.71336514969605
10.0,110.0,92.33325860536016,124.38247584997174
10.0,111.0,92.89363670585276,123.34058330172076
10.0,112.0,93.70564687251124,122.99741014704485
10.0,113.0,94.00289422786344,121.9544421600907
10.0,114.0,92.82645356667916,120.99047023979372
10.0,115.0,92.12055223938052,120.53528389455624
10.0,116.0,94.05635491233308,121.71251478086798
10.0,117.0,94.90814265941133,121.31775068118544
10.0,118.0,94.16976600002924,121.23619674188372
10.0,119.0,95.23679759857092,119.75210848372768
10.0,120.0,92.7804434741795,121.74116030227098
10.0,121.0,92.95256040499582,122.90766844923034
10.0,122.0,93.47843082127213,124.22499862657796
10.0,123.0,92.76538554546956,123.2414629530941
10.0,124.0,93.73446782179262,123.2591473175976
10.0,125.0,94.42331759254182,124.12426109507165
10.0,126.0,93.98425394026988,124.25585014455451
10.0,127.0,92.78307456951116,124.30659770502191
10.0,128.0,92.9005948314511,123.20915163696132
10.0,129.0,93.51466837212752,123.4100182271003
10.0,130.0,93.36053592389166,124.90681391935644
10.0,131.0,91.61539036593712,124.19987966547302
10.0,132.0,91.31543439040333,122.96458369315584
10.0,133.0,91.92978496710349,122.791543959212
10.0,134.0,94.16306291685176,122.35701533493184
10.0,135.0,92.40492535190631,121.67476568926551
10.0,136.0,94.1300596360266,120.3726931218856
10.0,137.0,96.07399743689022,120.92651517090566
10.0,138.0,96.58477318090436,121.47577145816824
10.0,139.0,97.98964933741374,121.58378483527233
10.0,140.0,98.20821237770744,122.4202512437152
10.0,141.0,98.49069017409448,125.5194235996308
10.0,142.0,99.27748482857665,127.88280645450035
10.0,143.0,99.1051149302586,127.46679949849565
10.0,144.0,99.4553048702352,125.76134739415006
10.0,145.0,97.7507851705335,124.57769666053038
10.0,146.0,97.7745648703972,124.8224230045428
10.0,147.0,96.61625332673866,123.57381241700926
10.0,148.0,95.6925106413548,124.1939569371894
10.0,149.0,96.08970714560934,124.58149752400624
10.0,150.0,95.77063185651514,124.7142953315024
10.0,151.0,94.51600605721076,124.02666111523484
10.0,152.0,94.17921992380444,125.59391398157766
10.0,153.0,94.18087773204893,125.87500601590304
10.0,154.0,94.95658758554052,125.89252164966508
10.0,155.0,93.2106353064896,126.4661001398168
10.0,156.0,91.7774927394513,126.91613487128012
10.0,157.0,91.79896883310354,127.11114589450754
10.0,158.0,90.64042719300409,126.8459383156038
10.0,159.0,89.85114020421975,128.21701149988843
10.0,160.0,88.73327692478604,128.7536830678717
10.0,161.0,88.1790007343511,129.25229297080256
10.0,162.0,87.09156333554839,129.4546574651068
10.0,163.0,87.76000519102041,129.20840364693353
10.0,164.0,87.65006845806342,130.1806340550462
10.0,165.0,87.47576369361336,129.79837606620967
10.0,166.0,86.38411712185855,128.1696414995785
10.0,167.0,86.15631770489495,128.0707977926775
10.0,168.0,85.8371647892855,127.37457292038394
10.0,169.0,85.57090051545495,127.23873572254666
10.0,170.0,84.40076750632801,128.77742387704026
10.0,171.0,83.1177733334444,127.28713217840944
10.0,172.0,84.19238716682435,127.22748306385829
10.0,173.0,84.83706557495434,128.63259692577253
10.0,174.0,85.01261778298637,130.20504776197305
10.0,175.0,85.01993375563974,130.1479408023035
10.0,176.0,84.77994823346222,130.29666458853742
10.0,177.0,84.9464783805595,130.2849018586392
10.0,178.0,85.50196486124874,130.7218971422355
10.0,179.0,84.5660482359453,131.0797996221851
10.0,180.0,85.77224342348379,129.7980607155956
10.0,181.0,85.64999070326972,131.03079283897836
10.0,182.0,85.19456187716519,130.08218519819476
10.0,183.0,85.4674939248814,130.05817586554352
10.0,184.0,84.61518765121937,129.62767206480055
10.0,185.0,84.65707760749419,129.5118874982685
10.0,186.0,85.81207337770022,128.31834715067362
10.0,187.0,85.10690167343341,127.9469779280202
10.0,188.0,85.02278954231068,128.73087803271713
10.0,189.0,85.02970378907705,129.09923771077007
10.0,190.0,84.237918222811,128.68714913464893
10.0,191.0,83.19951282961043,129.01361035379895
10.0,192.0,82.77064782675956,128.96724908902246
10.0,193.0,82.53483169445911,130.10953221819094
10.0,194.0,83.41159830279157,129.1815648702061
10.0,195.0,82.7848098354114,129.2727169794035
10.0,196.0,82.04799296747105,127.97239559137626
10.0,197.0,82.06936679222588,127.59440009790116
10.0,198.0,81.30442023478683,128.65004733499865
10.0,199.0,80.38380119080534,127.83374107205512
11.0,21.0,63.58433061584742,167.63845247705655
11.0,22.0,64.77460714326915,166.5484622587294
11.0,23.0,65.17614000370568,167.63432662016737
11.0,24.0,65.69519189266202,167.55025592148317
11.0,25.0,65.9001286484935,169.89473638844757
11.0,26.0,67.01445817244995,170.34807816909975
11.0,27.0,67.55880778533363,171.63804821922088
11.0,28.0,68.13315451492088,169.74691552446362
11.0,29.0,67.25349570508939,169.12559223312147
11.0,30.0,68.20597340915754,168.24090686784936
11.0,31.0,67.48693987827774,168.63907134519258
11.0,32.0,66.81772803652544,169.08868476012643
11.0,33.0,67.22649751246982,169.82429229091636
11.0,34.0,68.78015183465523,172.01701563236432
11.0,35.0,69.46123862299437,169.86915235270186
11.0,36.0,68.77068918634271,170.31286574221073
11.0,37.0,69.52722310967884,171.90729412048037
11.0,38.0,68.92771221205032,172.54679829001185
11.0,39.0,68.41986302111975,171.3266447578838
11.0,40.0,68.31574647958738,169.52689000819308
11.0,41.0,68.37707057767248,167.68746524915375
11.0,42.0,69.2900166056008,165.9411898597293
11.0,43.0,70.46983102792254,164.5794118013164
11.0,44.0,73.07841373180881,165.42199279407512
11.0,45.0,75.96479875055402,164.97272338160522
11.0,46.0,77.6208853783663,163.85348956978044
11.0,47.0,77.44130386130193,161.90200388568232
11.0,48.0,78.85408760744157,159.0510658475431
11.0,49.0,78.48153420269901,159.74899785755875
11.0,50.0,77.33728053689634,160.15345675741307
11.0,51.0,78.46466226791317,160.86271949252614
11.0,52.0,78.86983591139564,161.43535067519838
11.0,53.0,77.23251857101232,161.77011424984315
11.0,54.0,76.00295004223007,161.68297184654975
11.0,55.0,76.3477527511435,160.7619874046751
11.0,56.0,76.50806773452796,160.11411963938806
11.0,57.0,76.23122258423705,159.8716630093014
11.0,58.0,77.11922072863251,159.2971677288554
11.0,59.0,77.53149478918428,160.4651192378524
11.0,60.0,76.59635236933632,159.81282321652785
11.0,61.0,77.09314937864795,157.66517762488456
11.0,62.0,78.44517556513183,157.71163625521058
11.0,63.0,78.48191756344403,157.63114347445995
11.0,64.0,79.32036264764785,154.47836285688965
11.0,65.0,78.55017279975674,155.23809990849193
11.0,66.0,76.890306285994,156.4198877792729
11.0,67.0,77.9932082246371,156.6290127974256
11.0,68.0,78.45394928173154,156.44305664302073
11.0,69.0,78.64622665033288,156.35486515997565
11.0,70.0,78.41615996000495,156.09637378830195
11.0,71.0,78.48006093953032,155.00359014952866
11.0,72.0,80.11281853549804,155.28007465052875
11.0,73.0,80.7945498032688,155.15102062919692
11.0,74.0,81.09241380440142,155.00931329173838
11.0,75.0,81.01632477943805,154.61847057188174
11.0,76.0,80.44515010360307,154.47174462511853
11.0,77.0,80.31546445569846,153.1677457304534
11.0,78.0,81.14491110146992,152.53207137930477
11.0,79.0,80.89071304514948,150.9358331473872
11.0,80.0,79.49242857183896,151.8149550327965
11.0,81.0,79.80514589108384,152.2309492827189
11.0,82.0,80.45266574678452,153.76036933668627
11.0,83.0,78.25397656401846,153.77688299619132
11.0,84.0,78.2608953471684,153.21572943326044
11.0,85.0,76.7786179173624,152.06728135846646
11.0,86.0,76.17192285433511,150.25286125739936
11.0,87.0,76.5628383628968,149.86803011266537
11.0,88.0,77.1800697261442,149.5217064956639
11.0,89.0,76.41380706309788,149.00734232306624
11.0,90.0,76.1808420080722,149.63477193395198
11.0,91.0,75.97876790963842,148.50906578012663
11.0,92.0,74.39614564557623,148.78402941081035
11.0,93.0,73.818167797779,149.1721437129673
11.0,94.0,72.78322890270584,149.77837656547263
11.0,95.0,73.24677587788408,149.62866315302537
11.0,96.0,72.86642463046043,147.891158664378
11.0,97.0,70.8997003544978,147.8964129953636
11.0,98.0,69.58320834150958,147.9369748110868
11.0,99.0,70.09429971295246,147.95226628039353
11.0,100.0,71.29454538064599,148.58189537330105
11.0,101.0,70.99996336429676,148.91444726094983
11.0,102.0,70.838568563622,148.52308631891518
11.0,103.0,71.74103109850815,149.0946415316647
11.0,104.0,72.26141748180652,149.353937201741
11.0,105.0,74.50254155604843,150.75995629186133
11.0,106.0,73.65271736227132,150.08449142164153
11.0,107.0,74.72788932502012,149.14562663347834
11.0,108.0,75.97378115367279,150.5223678650024
11.0,109.0,75.68616677394222,151.26074836644418
11.0,110.0,75.78826444262072,151.17799671505233
11.0,111.0,74.16297092616061,151.11650787815927
11.0,112.0,72.55632835357646,153.50442934400377
11.0,113.0,72.51051947813822,153.05462114011203
11.0,114.0,72.3879750281326,152.43231814497622
11.0,115.0,72.86576493694493,153.5148251068575
11.0,116.0,71.44820492767866,151.754604134986
11.0,117.0,71.90972759973265,151.5687432453884
11.0,118.0,70.79134233490613,151.6021671372556
11.0,119.0,71.42786912495562,151.50180609831574
11.0,120.0,70.62442726963344,152.07232423472914
11.0,121.0,70.77739027092568,152.04027094447684
11.0,122.0,69.66099630985839,151.63278240041623
11.0,123.0,71.11108581346069,152.84193261931034
11.0,124.0,70.95660453659553,151.61219667989346
11.0,125.0,70.15426821170595,151.46737709136002
11.0,126.0,71.79354816355057,152.1887908957837
11.0,127.0,69.89332504915879,153.1732314689463
11.0,128.0,69.58300668500806,153.71045672013352
11.0,129.0,69.25711173220404,152.85292524488148
11.0,130.0,69.06763017345251,152.92985289808263
11.0,131.0,70.71277047644324,152.69332701982285
11.0,132.0,72.7696681405646,153.09554791770208
11.0,133.0,72.61041751475604,155.07634538339542
11.0,134.0,72.43275538078707,154.96295325075607
11.0,135.0,73.54522489161722,157.6019735695065
11.0,136.0,73.66759854653657,156.96826465635863
11.0,137.0,74.53772175037588,156.90931928097152
11.0,138.0,74.68964795084557,156.7476308844858
11.0,139.0,75.00036369899236,156.65525086002046
11.0,140.0,76.06987931867101,157.7748536542572
11.0,141.0,75.93139820662225,158.2831555399171
11.0,142.0,76.4003297854747,158.57465348290816
11.0,143.0,75.84666263691958,158.70425534796505
11.0,144.0,74.80450511357175,159.41078044604546
11.0,145.0,75.290829227181,160.33916344769364
11.0,146.0,75.21986924416855,160.61894538551863
11.0,147.0,76.27175340836595,160.30347244362713
11.0,148.0,75.94387175950686,159.64387620608323
11.0,149.0,76.12753771907086,161.81973287388593
11.0,150.0,76.53819752826186,162.63266678749596
11.0,151.0,74.92799294656504,163.46636501516625
11.0,152.0,74.3266920022505,164.95874653151878
11.0,153.0,74.89269929448889,164.0177092936247
11.0,154.0,75.6128151079517,164.1327185776489
11.0,155.0,75.19687855016396,164.33159618094672
11.0,156.0,76.086984063714,163.49574434380776
11.0,157.0,76.10023211206509,161.08132383928717
11.0,158.0,76.28525117246747,161.11850768680748
11.0,159.0,76.58107598893663,159.6917846262321
11.0,160.0,77.26046800257969,159.3925420380101
11.0,161.0,75.85201359898895,158.96224961580086
11.0,162.0,77.35946870211752,157.37948648308068
11.0,163.0,77.41314528184945,157.1967585832584
11.0,164.0,77.02002694889214,156.9546604783486
11.0,165.0,78.21444404969255,156.9597426616169
11.0,166.0,78.00213348944015,156.2931414090275
11.0,167.0,76.53448997673812,157.6608117319226
11.0,168.0,74.82020282698437,158.29209118106803
11.0,169.0,74.04639103347675,158.95105549304853
11.0,170.0,76.40009913446467,159.33784833380665
11.0,171.0,76.60236308430993,158.49870491097522
11.0,172.0,76.70771357966619,159.62224447846947
11.0,173.0,77.40602024211223,160.22339310931838
11.0,174.0,77.19812935845371,160.46449929355407
11.0,175.0,77.1862600494448,159.3532730152012
11.0,176.0,78.70857049362556,161.5942528393828
11.0,177.0,77.63512872438906,161.88737445755496
11.0,178.0,77.64509669678915,162.7889405192024
11.0,179.0,77.45748445548153,163.2825354185194
11.0,180.0,77.78822775775315,162.64699807175043
11.0,181.0,77.17662994769732,163.39721056510584
11.0,182.0,78.23997668817643,163.36449559006434
11.0,183.0,78.33807634506255,162.58122391626185
11.0,184.0,77.28795358793062,164.25819952475834
11.0,185.0,79.45207948025559,164.6392661531222
11.0,186.0,81.18388433061634,165.59783013233374
11.0,187.0,81.73109551304105,166.4392109498823
11.0,188.0,82.21296067009324,167.61758940794883
11.0,189.0,81.19166768168574,169.50863581239963
11.0,190.0,81.77665703619509,169.59095541151862
11.0,191.0,79.98219940344467,167.85450278141465
11.0,192.0,78.63203798064339,166.77831062812456
11.0,193.0,78.17428757603236,166.13313139087134
11.0,194.0,78.8087059555276,167.45387743776683
11.0,195.0,77.47279395041272,167.22670308703604
11.0,196.0,79.1700166901831,168.1214729516425
11.0,197.0,78.74094276384518,166.87319907045693
11.0,198.0,78.45431540064773,163.89630805603664
11.0,199.0,78.34044360833572,165.38364155645445
12.0,0.0,139.7840493605187,119.514357719899
12.0,1.0,140.07205470526196,120.2075670100258
12.0,2.0,142.78735430923132,122.49710288246736
12.0,3.0,141.58524970623307,122.21190596492352
12.0,4.0,142.0911908796466,120.99632797104177
12.0,5.0,140.30535878418712,123.44998172620774
12.0,6.0,140.51229125890987,123.8638520477835
12.0,7.0,140.6795996873931,123.8524233392743
12.0,8.0,140.04087244011984,124.42840272017364
12.0,9.0,139.58144522018245,124.46487775314304
12.0,10.0,139.50267348916708,125.29331392183784
12.0,11.0,140.4166592255987,125.21538717379356
12.0,12.0,137.00917533651838,124.66472618604048
12.0,13.0,140.24472055863689,125.12535850650616
12.0,14.0,139.55945918498682,125.46628004028136
12.0,15.0,138.34280130997456,123.89348878323004
12.0,16.0,137.09422689268467,122.50999227428122
12.0,17.0,138.95681631969924,123.81066255282526
12.0,18.0,139.72796459938343,123.60163711273424
12.0,19.0,136.4781608022634,123.22994639907508
12.0,20.0,135.8604697673186,123.60589599551729
12.0,21.0,135.6988018486589,123.77373143560004
12.0,22.0,134.57530651025468,124.09808359302244
12.0,23.0,135.47659452671917,124.86309604963252
12.0,24.0,135.43383009521838,124.1976666519925
12.0,25.0,133.97398448112864,123.96703336643732
12.0,26.0,135.4200855239072,122.84290409658364
12.0,27.0,136.14072763144895,123.88206085370484
12.0,28.0,137.00274873366635,123.47465461995507
12.0,29.0,137.52419880725776,122.40863706559482
12.0,30.0,137.99700104167388,122.58029029537512
12.0,31.0,138.91620857206993,120.58425401131332
12.0,32.0,139.90111972995427,119.7943535861695
12.0,33.0,139.1047282723056,119.82040784240334
12.0,34.0,140.42799168390815,120.0151937469504
12.0,35.0,141.0066634591346,118.99351638649848
12.0,36.0,141.76521842901386,120.83875599530472
12.0,37.0,141.63708524168138,120.00635734270912
12.0,38.0,141.67808491681325,120.42154933976887
12.0,39.0,141.52999415488767,120.31536752791229
12.0,40.0,142.14227166632503,119.80899382774436
12.0,41.0,140.8074848437839,120.06950514587008
12.0,42.0,140.80136258096564,119.8657323280656
12.0,43.0,140.72547940631046,119.36514772639715
12.0,44.0,141.6019823222181,120.25622772018713
12.0,45.0,142.01673112065123,120.92573778669636
12.0,46.0,141.61945993344978,120.09588369644032
12.0,47.0,141.00778517908626,120.28314087872896
12.0,48.0,141.0544206822807,121.1931406317005
12.0,49.0,140.98052171766258,119.97447484770376
12.0,50.0,140.60133616449957,119.34793717808712
12.0,51.0,139.659874606513,120.7878572194494
12.0,52.0,140.00593399015003,122.13707410305962
12.0,53.0,140.3470251159389,122.37270848275526
12.0,54.0,141.14814992581142,122.88209451232304
12.0,55.0,141.93202188643502,123.29319866683166
12.0,56.0,142.32180640838664,123.9026067553512
12.0,57.0,140.80610611705606,125.13185830206656
12.0,58.0,141.03433973559726,125.03598273741952
12.0,59.0,140.6559622453641,124.76365113628373
12.0,60.0,139.86817765870452,125.68579539213852
12.0,61.0,138.50560877555003,125.19737317061517
12.0,62.0,137.7619737164414,126.49360090382804
12.0,63.0,137.32970305257504,126.23703576877102
12.0,64.0,138.7421531917486,127.84142871600837
12.0,65.0,137.53108437931607,127.98338148031624
12.0,66.0,137.11876479757908,127.36950190831162
12.0,67.0,136.52254751785824,129.09580129393564
12.0,68.0,137.1180434308423,128.81905650034977
12.0,69.0,137.84265361232235,128.450866978973
12.0,70.0,138.9871976147975,128.58045391415988
12.0,71.0,139.60971729568263,128.57914791976296
12.0,72.0,140.2418779779184,128.7779801448526
12.0,73.0,140.2505092277092,129.0065287978427
12.0,74.0,139.4550588768108,129.8554430070703
12.0,75.0,138.6351215319876,130.22171330247087
12.0,76.0,139.36618133855654,130.09069863866017
12.0,77.0,138.92921484743567,131.4652264146439
12.0,78.0,137.30594853510212,131.78845825165257
12.0,79.0,137.48723560044778,133.62518259803298
12.0,80.0,137.41426238848777,134.60220960805145
12.0,81.0,137.11343850671906,133.86391473764414
12.0,82.0,136.85507594897433,132.98583300032388
12.0,83.0,136.85496557108857,132.86601922343866
12.0,84.0,135.8680247828904,131.2709359496385
12.0,85.0,138.56986749395514,129.2760754302417
12.0,86.0,137.50852873239032,130.30914020812568
12.0,87.0,138.74898210922984,131.6741169503747
12.0,88.0,137.97329493454316,131.4134057079036
12.0,89.0,137.9017182230352,132.2603657109054
12.0,90.0,138.52243308003003,130.40742880461343
12.0,91.0,139.027434021558,129.82446359503984
12.0,92.0,139.5923331134477,130.54592948831737
12.0,93.0,139.18359510801616,129.80973477104288
12.0,94.0,139.0588775972514,129.76588518583907
12.0,95.0,138.3213040323833,128.41017653038674
12.0,96.0,137.88385988644615,129.5779548012278
12.0,97.0,134.81755285878018,129.4487517472105
12.0,98.0,135.5408909944549,130.48682374705322
12.0,99.0,136.99630598685417,130.66106664495098
12.0,100.0,136.15177228179525,129.7654155880843
12.0,101.0,136.46472107715283,130.752358040109
12.0,102.0,135.6594142020167,129.817696020239
12.0,103.0,134.89518053710233,130.70315501533375
12.0,104.0,134.2245179109997,130.7143604378138
12.0,105.0,133.2144423184855,130.16195852295343
12.0,106.0,134.3370491714464,129.20336870745643
12.0,107.0,134.8987423213013,132.14795900694506
12.0,108.0,134.11769501757058,132.98309525751134
12.0,109.0,134.50201719018145,133.60299031012718
12.0,110.0,135.5104916660951,133.1327007001079
12.0,111.0,135.85509656001588,133.97758529791463
12.0,112.0,136.43530907516055,132.5736781749464
12.0,113.0,136.07230559303903,133.47669576684126
12.0,114.0,136.27348025458548,133.51350862453037
12.0,115.0,135.97267387560612,134.58012736590112
12.0,116.0,136.83813139028885,133.88660371589265
12.0,117.0,137.06536542114364,133.90687829071
12.0,118.0,136.63679029994807,134.4090438385926
12.0,119.0,137.4474355393916,133.67796567349512
12.0,120.0,137.23911747333773,133.3254140904188
12.0,121.0,136.8712286315627,132.9367231736536
12.0,122.0,135.4086799373545,131.9693316464171
12.0,123.0,136.53585080082277,132.56915633576247
12.0,124.0,137.920869414354,132.20656723623895
12.0,125.0,138.02512317821424,132.34090091312348
12.0,126.0,137.04333084689932,133.1557740705164
12.0,127.0,136.3190623483648,133.67084789110004
12.0,128.0,135.7435923226248,133.08541775262788
12.0,129.0,136.6899463367365,133.53697920581777
12.0,130.0,135.8614052658609,133.07592282994574
12.0,131.0,135.88225775778417,133.7803160692656
12.0,132.0,135.45041434234062,135.92165130714886
12.0,133.0,137.37797271771447,134.9642500568607
12.0,134.0,137.63293237169373,135.4048328202443
12.0,135.0,138.12976535659095,135.03610748855365
12.0,136.0,138.12782385477877,134.2525609846304
12.0,137.0,138.3477415239576,133.99459603895437
12.0,138.0,137.6433036030453,134.71088772272
12.0,139.0,137.15796021196,134.61672566008895
12.0,140.0,137.93318552591165,135.11602804340237
12.0,141.0,137.6667724499397,134.68235118922098
12.0,142.0,136.9622811708171,135.0049850422377
12.0,143.0,136.29682808440194,135.00708839307282
12.0,144.0,136.94978794208004,134.82862561085722
12.0,145.0,136.84330383538816,133.76995666074876
12.0,146.0,135.33878041389124,135.56407685636523
12.0,147.0,134.72846296884467,135.3937611780323
12.0,148.0,136.27861020372225,135.42886758664864
12.0,149.0,134.51159677432207,134.84029074997375
12.0,150.0,134.14057438940006,135.65632723705326
12.0,151.0,134.58069383644403,136.00566595905866
12.0,152.0,135.0348125030038,135.95425440010092
12.0,153.0,134.71476192455714,134.08654570710098
12.0,154.0,135.8956314272217,134.87009967856255
12.0,155.0,135.8965996705225,134.8110224826424
12.0,156.0,133.304129268389,135.32746740848904
12.0,157.0,134.10471830207018,134.73642389460753
12.0,158.0,133.19448029868389,133.82657584455305
12.0,159.0,134.14554952508115,133.29837244024975
12.0,160.0,134.8633209760074,134.06018992456472
12.0,161.0,132.93058651962676,135.75679728785332
12.0,162.0,133.58960191178963,135.11030787935766
12.0,163.0,132.70417978007723,135.2944713326453
12.0,164.0,132.49864393194449,136.75258364982355
12.0,165.0,133.46876828320404,136.45849631638916
12.0,166.0,133.05795640981177,136.74301137068932
12.0,167.0,132.21997821745484,137.42149402058473
12.0,168.0,132.80412394557274,138.2629103441002
12.0,169.0,132.92506759164525,138.10808780251404
12.0,170.0,134.4094690821621,137.6186533939217
12.0,171.0,134.31384138851595,138.11854886117953
12.0,172.0,133.35088176416323,137.5381320067057
12.0,173.0,132.3279448124292,136.85248776862127
12.0,174.0,133.79834013691882,135.81163498798574
12.0,175.0,133.53080809005658,135.34471177301694
12.0,176.0,133.52379789646986,135.44092755357104
12.0,177.0,132.80409195429823,135.97955727930474
12.0,178.0,132.00844132645307,135.91924456046425
12.0,179.0,131.15202612674076,136.00785848320368
12.0,180.0,130.8873052976919,136.43953717709508
12.0,181.0,129.7862262823321,136.44245535710007
12.0,182.0,130.8164708263331,135.34817179006075
12.0,183.0,132.1406577763467,135.38571653609748
12.0,184.0,132.3195032431638,135.89886987078185
12.0,185.0,133.71568874672172,135.01959335165867
12.0,186.0,135.33363041214238,134.39782367934689
12.0,187.0,135.7683675874524,134.71657592041626
12.0,188.0,136.80908753925195,134.55968912927017
12.0,189.0,138.17122602468174,135.23940284426945
12.0,190.0,137.8238634896007,136.191036286436
12.0,191.0,138.7276949743142,136.85933725554253
12.0,192.0,139.2681626085758,137.43419569344724
12.0,193.0,139.27513545646343,139.37153341454493
12.0,194.0,139.81560756204726,139.78811929331718
12.0,195.0,139.39093777512306,141.47348136894988
12.0,196.0,138.79525436827367,141.5704337331888
12.0,197.0,140.17382113399216,140.95917115900744
12.0,198.0,140.31729815381092,141.53814106676373
12.0,199.0,141.08818228878206,141.3644628652048
13.0,0.0,138.56517623411946,82.90078722648421
13.0,1.0,138.99776547071653,83.30213282734093
13.0,2.0,138.87704922762447,83.95813909458832
13.0,3.0,137.84485711204064,83.76285638628003
13.0,4.0,138.70877337305154,83.07082336781453
13.0,5.0,138.5443758201142,82.49533089902637
13.0,6.0,137.7996961291297,82.23632372827967
13.0,7.0,138.0504994680952,82.18794315799599
13.0,8.0,138.05675521787245,82.19316557632627
13.0,9.0,138.7338557027197,83.40360136936059
13.0,10.0,139.22403124468573,83.08345805581047
13.0,11.0,139.92686796541443,83.48657718607214
13.0,12.0,138.97644982139028,82.40164681299562
13.0,13.0,139.19980361626722,81.15381486070923
13.0,14.0,140.2546657984378,82.36672015040352
13.0,15.0,141.71178003906317,82.05557336353542
13.0,16.0,141.79481293412152,82.05106670354078
13.0,17.0,141.18991482466174,82.14135244737076
13.0,18.0,142.01250169581616,81.40361261832577
13.0,19.0,141.76185323923738,81.04658074441215
13.0,20.0,140.57698813716678,81.06290505251347
13.0,21.0,140.2892641631678,80.79465897209994
13.0,22.0,140.1573742694273,81.41160749267513
13.0,23.0,139.18844541667198,80.66424448495792
13.0,24.0,139.37444700024847,82.28127955813162
13.0,25.0,139.3589929302639,82.92111180003347
13.0,26.0,139.44803991082838,82.50177778990852
13.0,27.0,139.84618228013005,81.82916562801209
13.0,28.0,140.61917190061308,81.73535391668868
13.0,29.0,140.1825769890689,81.4724277416824
13.0,30.0,139.99876794784336,81.57982165054584
13.0,31.0,139.98995939927948,82.41960564116617
13.0,32.0,139.79417550767138,82.22328741189922
13.0,33.0,139.55434439029756,81.06228900315791
13.0,34.0,140.58565976489314,80.65002300734842
13.0,35.0,140.5518624777691,80.72578455265928
13.0,36.0,139.5427515247198,81.17417316366219
13.0,37.0,138.85387525019937,81.51335256994739
13.0,38.0,139.38294195015774,81.4669680031615
13.0,39.0,139.79701198081435,80.83488759101584
13.0,40.0,138.91568166617586,79.66852025695981
13.0,41.0,138.6792765318201,79.97983572525972
13.0,42.0,138.96676826107674,80.7221621889941
13.0,43.0,139.38086999362463,80.15634505281047
13.0,44.0,140.35415062641962,80.29662178016194
13.0,45.0,140.2983323033201,79.90908462054307
13.0,46.0,140.41605138626713,79.51251825895302
13.0,47.0,140.1877482178199,79.45286095616771
13.0,48.0,139.8838452033636,78.71368780274473
13.0,49.0,140.6368002072884,78.31720597255558
13.0,50.0,140.47415342914803,78.68753172383849
13.0,51.0,140.31784208964666,80.04614426488776
13.0,52.0,139.98203309776162,79.80612884264562
13.0,53.0,139.72895811774114,79.4127052806402
13.0,54.0,139.2125595019886,80.1214928922497
13.0,55.0,140.10765253883122,77.89711850325212
13.0,56.0,139.94055294769583,77.95724231512186
13.0,57.0,140.31083031792434,77.37935979461503
13.0,58.0,140.54120745229446,78.61111419577071
13.0,59.0,139.61561429978622,79.15477580719644
13.0,60.0,139.0252778528404,78.55626559224157
13.0,61.0,140.25488331650882,77.84866678785899
13.0,62.0,141.08176132110026,77.80987783321274
13.0,63.0,142.20551848947954,79.61426623423449
13.0,64.0,141.77705200578643,80.57903758471832
13.0,65.0,142.08695348657378,79.98300286057722
13.0,66.0,142.70387237606843,80.77768768764848
13.0,67.0,142.91504976903482,79.47882037202164
13.0,68.0,142.03596705335934,80.2326354362907
13.0,69.0,141.1944475936001,79.6927545302167
13.0,70.0,142.54843457254674,78.06146188830988
13.0,71.0,144.1173127735102,78.71464238428463
13.0,72.0,144.93217915925572,78.88896278869706
13.0,73.0,144.86487652677067,78.80728823766192
13.0,74.0,145.5637570314089,78.04003008721531
13.0,75.0,146.33725220765194,80.12155035811796
13.0,76.0,147.2698975995333,79.66597125326848
13.0,77.0,147.1592800229522,79.23044862757371
13.0,78.0,148.42350096259574,78.79216543530343
13.0,79.0,148.70166409059186,78.98629608008349
13.0,80.0,148.0997567327822,79.286073928096
13.0,81.0,147.70243938817515,80.08843022702368
13.0,82.0,148.98909967369252,81.03416674339236
13.0,83.0,149.79215469996032,81.89453478265635
13.0,84.0,148.8227437829537,82.07659592530561
13.0,85.0,149.6146171434892,82.4482712409287
13.0,86.0,150.46499097022095,81.82891253077287
13.0,87.0,151.67481264846035,83.10293691821929
13.0,88.0,153.67212128983283,81.26958866515375
13.0,89.0,153.35421591992653,81.0404833812887
13.0,90.0,153.73121865600228,80.91188969147278
13.0,91.0,154.26430257096678,80.12156120871131
13.0,92.0,152.73796009742568,79.76884463056477
13.0,93.0,151.77147302814367,79.0819522671053
13.0,94.0,153.02609128935018,78.36211564667647
13.0,95.0,152.63092238135408,76.64278191882252
13.0,96.0,152.4232814887572,78.13616005462424
13.0,97.0,152.43222937779595,76.75383667877605
13.0,98.0,151.6829832796977,75.39281429590378
13.0,99.0,152.01104506165132,74.8752381126787
13.0,100.0,151.66431563318542,73.57047279921622
13.0,101.0,153.52963109536884,72.1456590833337
13.0,102.0,153.27250058501122,72.85564313672124
13.0,103.0,151.59354754311042,74.2624746487068
13.0,104.0,154.7744446116238,74.41488430801324
13.0,105.0,158.05060742329212,72.28499918546306
13.0,106.0,157.4608354314696,71.36526769789702
13.0,107.0,157.64232019779783,70.99987910721161
13.0,108.0,157.9759568326753,68.92091584248061
13.0,109.0,159.40752560731607,67.85872030576611
13.0,110.0,158.27639257707975,68.25638613061165
13.0,111.0,156.49287335451314,69.32060046515437
13.0,112.0,156.3611736877827,69.04420033566656
13.0,113.0,155.31880514549448,68.40605348052868
13.0,114.0,154.85702513406724,67.4283661642015
13.0,115.0,154.58748208698265,68.29035773564802
13.0,116.0,154.334561465831,67.89870808022701
13.0,117.0,154.92193975344804,67.75468112847511
13.0,118.0,154.4762239659313,67.02708557819054
13.0,119.0,154.92440728804652,65.44399184755689
13.0,120.0,153.88828901559066,65.41187238798865
13.0,121.0,155.29836246966283,66.0064006271383
13.0,122.0,155.02625745787313,65.44785942252491
13.0,123.0,153.8600458316106,65.62204787107562
13.0,124.0,154.7316275616976,64.52748826035773
13.0,125.0,155.52830162026189,64.5694618482268
13.0,126.0,156.69740047775363,62.32202194215573
13.0,127.0,156.95640627980652,63.490014868041385
13.0,128.0,156.5802855067647,64.53773834952071
13.0,129.0,155.43268351903018,65.15210493080278
13.0,130.0,157.15510750567495,65.24345456120695
13.0,131.0,157.38640024153796,64.67597713914854
13.0,132.0,157.28426342554144,64.08043583876403
13.0,133.0,157.05521829706757,64.09916308328442
13.0,134.0,157.2532111108409,64.01985337543621
13.0,135.0,156.9747373842123,63.09123009364104
13.0,136.0,156.9730607660327,64.9625306312003
13.0,137.0,157.15450663599322,63.19733348723895
13.0,138.0,157.68769307685469,64.07765828726258
13.0,139.0,157.55606434955033,62.6312520389528
13.0,140.0,157.76918403742303,62.85155326482132
13.0,141.0,158.17665816715635,61.77383125159089
13.0,142.0,159.02010777508178,61.87040547897842
13.0,143.0,156.67398429811124,58.14330962540397
13.0,144.0,156.96428284622866,56.80915816384678
13.0,145.0,157.0705199018681,55.34634984028714
13.0,146.0,156.76186332318724,54.96786953306866
14.0,0.0,189.1376261041936,88.65197705869207
14.0,1.0,188.3591579530038,89.59164834877612
14.0,2.0,189.47566875105733,90.3617321432182
14.0,3.0,189.15396595723487,90.71393551238884
14.0,4.0,189.8051161685336,90.2585958576384
14.0,5.0,189.64577628963016,89.8389205333812
14.0,6.0,189.78135497144,90.38219327227742
14.0,7.0,189.82248564451595,89.83653010005543
14.0,8.0,188.79649001637105,90.87732955565308
14.0,9.0,190.9845166715096,91.03335931793951
14.0,10.0,189.1394508621622,90.04529985257749
14.0,11.0,190.15807821596687,91.08112534377656
14.0,12.0,189.09609970567664,90.37271601463894
14.0,13.0,188.5373940726824,90.64947417097814
14.0,14.0,188.4024077784296,90.58981263434109
14.0,15.0,189.0979640566038,90.5992528300164
14.0,16.0,189.93140630775025,91.13110289816532
14.0,17.0,190.34864396632983,90.75648661425176
14.0,18.0,189.5532536763319,90.90504316358968
14.0,19.0,189.3981349087675,91.10083817948488
14.0,20.0,189.82866774614232,90.6521770555855
14.0,21.0,190.47874190152515,90.68474281901788
14.0,22.0,190.21120305944447,90.65554584732836
14.0,23.0,189.6647443484845,90.56875139674248
14.0,24.0,189.35205832124151,90.20621310745317
14.0,25.0,189.19297935292536,90.19366406280132
14.0,26.0,188.96175088588424,90.19300094388602
14.0,27.0,189.11609446148444,90.13842251257616
14.0,28.0,189.41109966657547,90.1054905583194
14.0,29.0,189.106759841108,90.05151572549846
14.0,30.0,188.56231514292415,89.82849496480476
14.0,31.0,187.945904979328,89.7366768917314
14.0,32.0,188.3642787728879,89.79181448194012
14.0,33.0,187.8478473622346,90.22157188209673
14.0,34.0,187.6935115636264,90.3150850078174
14.0,35.0,188.0840837592,90.0800198546004
14.0,36.0,187.7980734917386,90.2120388997144
14.0,37.0,188.08247887539048,90.4951140308588
14.0,38.0,188.0055380956945,90.78368370432956
14.0,39.0,188.46855497849265,90.74609251666612
14.0,40.0,188.39009441871832,90.62526821770112
14.0,41.0,189.1769862824468,90.49650529623467
14.0,42.0,188.87197841945937,90.45337446140262
14.0,43.0,188.95928356526125,91.39877581045204
14.0,44.0,188.77270722464675,90.5646255170454
14.0,45.0,188.6185701526596,89.92331226080056
14.0,46.0,188.74167099011711,90.2002522511214
14.0,47.0,188.3440175204572,89.59891771228442
14.0,48.0,188.26930215639652,90.07390239982487
14.0,49.0,188.57292076879352,90.09167148163294
14.0,50.0,188.53427962984517,89.40321095666212
14.0,51.0,189.0235576831257,89.28805426128723
14.0,52.0,189.58522044445047,89.0782297456452
14.0,53.0,189.44762306727293,88.87580342445929
14.0,54.0,189.54735222243815,89.29259029546377
14.0,55.0,189.13050915969225,89.32417298873419
14.0,56.0,189.0866676882021,89.69512767883107
14.0,57.0,188.928208030006,89.67423491241674
14.0,58.0,189.0353803889505,89.9128833391941
14.0,59.0,189.1840296042996,90.31482981081764
14.0,60.0,189.7287951519764,91.01453766505728
14.0,61.0,189.0271039758024,90.99037327848772
14.0,62.0,189.3549987011709,90.48979862459775
14.0,63.0,188.653869717809,90.58324964426936
14.0,64.0,188.70855593392537,90.7776475020336
14.0,65.0,188.43418626162028,90.7006327934178
14.0,66.0,188.71893470942516,90.44334094651934
14.0,67.0,189.6210834812837,90.33911087749487
14.0,68.0,189.93742979429535,89.96370397970699
14.0,69.0,189.22833603769263,89.51389277979591
14.0,70.0,189.88062965448927,89.4885570909464
14.0,71.0,189.74591235062863,89.33949480273812
14.0,72.0,190.36115550003927,88.9448285569118
14.0,73.0,190.39809655809825,89.13384809557877
15.0,35.0,142.605327470902,55.8946996644451
15.0,36.0,143.1214044522453,56.17524505444348
15.0,37.0,143.5270752720848,56.31256253223268
15.0,38.0,143.96832266375625,55.74935365800276
15.0,39.0,143.52313215876475,56.2754966334519
15.0,40.0,144.7447339405076,55.9630713714377
15.0,41.0,143.38870342798245,56.1820953033837
15.0,42.0,143.0472228430504,56.89513752034817
15.0,43.0,141.9959514641779,56.53633973912927
15.0,44.0,141.94962659847187,57.05189818795255
15.0,45.0,142.20939335324104,57.4514641602736
15.0,46.0,141.84851515904933,57.30051727397535
15.0,47.0,141.27262158437114,57.2897225887662
15.0,48.0,141.44781071676744,58.19464811067904
15.0,49.0,142.4992777789198,57.03639864902775
15.0,50.0,142.35290505193709,57.27996713617298
15.0,51.0,142.85825576408496,57.653551883279896
15.0,52.0,141.3758707917916,58.03786002614601
15.0,53.0,141.25752968158977,57.03963930711517
15.0,54.0,140.41214511277755,55.83380940399432
15.0,55.0,140.93808200547664,55.96993158546008
15.0,56.0,142.0921097873376,55.54765369508208
15.0,57.0,143.34551406797593,55.37821084824073
15.0,58.0,143.43388145248176,54.838945324730986
16.0,130.0,145.73086387601782,54.416293458057794
16.0,131.0,145.403036040115,54.64127737268713
16.0,132.0,146.97248461129962,54.65339583269216
16.0,133.0,147.48524973331075,54.306207001681976
16.0,134.0,146.5807502100889,54.14732476490908
16.0,135.0,148.9523056484185,54.73906769355875
16.0,136.0,147.33418281380293,55.90486812163132
16.0,137.0,147.12368226118994,56.11001647979253
16.0,138.0,147.98988991395402,58.78096661577895
16.0,139.0,147.563068726233,58.641646482011765
16.0,140.0,147.91605277248345,58.62604154166301
16.0,141.0,147.18607761822608,57.7248869545441
16.0,142.0,146.98055155041044,57.3161778519223
16.0,143.0,146.97767165449858,57.59712838296284
16.0,144.0,146.60062154376817,58.36056730153916
16.0,145.0,146.75480665290007,57.32320707031827
16.0,146.0,147.11088270743943,57.96952218945093
16.0,147.0,146.62110382292752,57.891156050695386
16.0,148.0,147.60683265503934,58.13958856491181
16.0,149.0,147.42335059452031,58.41934968870026
16.0,150.0,147.61356081560078,58.82188967494008
16.0,151.0,148.20949915857116,58.40156746810535
16.0,152.0,148.32472997747325,58.43177027171647
16.0,153.0,147.62093922618988,58.037013933436754
16.0,154.0,147.31326013788475,57.8921079774846
16.0,155.0,146.96923628296506,57.77048985731499
16.0,156.0,147.092335958942,57.922002766479125
16.0,157.0,147.12259238940862,57.90873512144901
16.0,158.0,147.66790390415608,56.50667168057301
16.0,159.0,147.69204115424674,56.293760934424
16.0,160.0,148.02868726651616,56.37030686359627
16.0,161.0,147.1282630633283,55.3307999897192
16.0,162.0,147.49187175340225,55.76573670259823
16.0,163.0,146.71155995324156,55.47924919199042
16.0,164.0,147.37996837848297,55.41275346401855
16.0,165.0,147.10691528197495,55.32253724160059
16.0,166.0,146.44514574359775,55.85895095486551
16.0,167.0,146.21022613268488,56.65186831021063
16.0,168.0,145.9764174227351,57.04576708675667
16.0,169.0,144.6500828145191,59.194041688159686
16.0,170.0,145.27355274577647,61.296895233649614
16.0,171.0,148.2665946308191,63.14048686952204
16.0,172.0,145.85936819858972,63.94234964484851
16.0,173.0,145.84734560550044,66.65843757949887
16.0,174.0,146.61899504138756,66.05619925555864
16.0,175.0,146.2920711004084,65.52424812566517
16.0,176.0,144.90059206065288,63.99960576644816
16.0,177.0,143.04233613944857,63.89575940137922
16.0,178.0,142.8680993088824,63.20412265246607
16.0,179.0,142.07274046132056,62.93931139682079
16.0,180.0,141.20398508598586,63.17630476400868
16.0,181.0,140.9655324390711,62.83518797651659
16.0,182.0,140.65025255038785,62.41267419257971
16.0,183.0,139.6302303965634,62.69456164515407
16.0,184.0,140.44307535312288,63.60980893075648
16.0,185.0,138.71730777780317,63.37190738991394
16.0,186.0,139.55482431003043,64.59787336604046
16.0,187.0,139.25842459985031,62.67831351572825
16.0,188.0,140.75134170326962,60.83654245656784
16.0,189.0,139.42796343965017,62.49804566829308
16.0,190.0,140.40050919969983,62.62709610477942
16.0,191.0,140.584096890669,63.921576644984384
16.0,192.0,140.39596514403146,64.04210107447601
16.0,193.0,141.12969059306425,62.214316867328485
16.0,194.0,140.24170474424488,63.41301543125597
16.0,195.0,139.26092255607426,64.54460175208699
16.0,196.0,138.35866289580665,63.416123795503765
16.0,197.0,140.53769702135455,63.58894684238508
16.0,198.0,137.81504065151617,64.58259562718328
16.0,199.0,133.45100791654434,64.32116871838554
17.0,0.0,126.40922226903874,68.08275611694825
17.0,1.0,126.02855653274732,67.99146453579631
17.0,2.0,125.20495617166846,67.49594591314141
17.0,3.0,125.62033652390112,67.226334263577
17.0,4.0,125.62240817768752,66.8813779768568
17.0,5.0,126.9639195373172,67.7243487621413
17.0,6.0,127.90635565073684,67.05732206178597
17.0,7.0,127.30447908421934,67.51371002487363
17.0,8.0,129.27712001745863,68.00533777576248
17.0,9.0,129.78685339656874,67.53167686595447
17.0,10.0,129.51409642205854,68.03028658457961
17.0,11.0,129.1809821328857,72.3164137488487
17.0,12.0,129.58693032668657,72.61344947925348
17.0,13.0,131.96865542402438,73.55427119997483
17.0,14.0,128.30055765855195,72.51749281384392
17.0,15.0,129.2586928923607,71.67982096826925
17.0,16.0,129.67197028477102,71.49691018599216
17.0,17.0,130.80443223911928,72.35564510770993
17.0,18.0,128.8588198529467,72.37387226103927
17.0,19.0,129.9599959866621,72.94968352820322
17.0,20.0,129.32264568744463,72.6682957085125
17.0,21.0,128.32044167238965,73.39780955768282
17.0,22.0,128.56879184098258,73.94411026772354
17.0,23.0,128.7478503085731,73.51483823759887
17.0,24.0,129.45177588148934,73.80544473130836
17.0,25.0,129.12506273636433,73.67575519302456
17.0,26.0,128.770020247963,73.50126600487671
17.0,27.0,129.4782890487657,73.66944033478731
17.0,28.0,129.9150617888578,73.68052773640443
17.0,29.0,131.18256432127717,73.41388068178918
17.0,30.0,130.12454259910024,73.18332444032177
17.0,31.0,130.42676597781244,74.3469424796378
17.0,32.0,130.07109076034337,75.94719730275729
17.0,33.0,130.33231806241136,76.19118528804675
17.0,34.0,129.88596842247932,75.69236351239641
17.0,35.0,131.00795897400008,77.00839220751823
17.0,36.0,130.10476825996307,76.3062631053397
17.0,37.0,130.16495636476466,77.3201046826829
17.0,38.0,129.5535750677842,76.79695533716257
17.0,39.0,130.19556618862512,75.59661531722733
17.0,40.0,129.37361983037394,75.08279086106853
17.0,41.0,128.5449216774641,74.35363648252032
17.0,42.0,129.69547227675906,73.72100860007781
17.0,43.0,128.6347041225265,71.93469480895523
17.0,44.0,129.34515965336112,73.80071691049298
17.0,45.0,128.39844420219902,75.11699147343109
17.0,46.0,129.0329610454495,76.01879862835794
17.0,47.0,130.2014256615858,76.14427968000871
17.0,48.0,129.52513828923318,72.77855611490843
17.0,49.0,130.373564415874,71.76265588573493
17.0,50.0,128.11857180028898,73.2748912814199
17.0,51.0,129.66727603666405,73.65484491436384
17.0,52.0,129.9453737363268,72.2932346306084
17.0,53.0,130.6784667306602,72.34889778437042
17.0,54.0,130.23819415966676,71.28483442671278
17.0,55.0,130.7980144573609,71.92394893670267
17.0,56.0,130.57721610695495,71.62874023321955
17.0,57.0,130.10088476165967,71.23792376571686
17.0,58.0,128.7162822030231,71.43557831877338
17.0,59.0,127.748860796549,70.89082996716819
17.0,60.0,128.12581907619077,71.91543674006691
17.0,61.0,128.0962257330695,71.24998536578914
17.0,62.0,127.82806809257912,71.38588084146886
17.0,63.0,127.73269706935405,71.42603170673343
17.0,64.0,128.28663290105771,71.68803950794177
17.0,65.0,127.07596392060478,71.23942900250353
17.0,66.0,127.03530719423108,72.55779883919692
17.0,67.0,126.38204388560982,72.29282687057808
17.0,68.0,126.52354768266224,71.95280629385485
17.0,69.0,126.67358048786268,71.2489756236067
17.0,70.0,127.0766718743894,71.72816740206875
17.0,71.0,127.5112932751469,71.1771390379854
17.0,72.0,128.19554587224374,70.79991777836184
17.0,73.0,127.77469913995957,70.35449082476403
17.0,74.0,128.4206766913185,69.85700181513825
17.0,75.0,129.0339752623702,69.35167260166267
17.0,76.0,130.04502300564988,70.25048974264689
17.0,77.0,129.375568555573,70.19725629372626
17.0,78.0,129.38111352070334,69.11249351454745
17.0,79.0,129.1102722983584,68.07944166883517
17.0,80.0,128.90752273236197,68.12998714944749
17.0,81.0,128.3865220742648,68.38717577548275
17.0,82.0,128.61785672459317,70.04285010367055
17.0,83.0,128.5036247616584,71.4109380843569
17.0,84.0,128.66756925392838,71.02224947240514
17.0,85.0,128.62602573588947,70.75722956862549
17.0,86.0,128.7942304752186,71.01691299258525
17.0,87.0,128.7271087413957,70.16849800122984
17.0,88.0,128.21797571574388,70.12493796777265
17.0,89.0,127.72475672049448,70.16197709851616
17.0,90.0,128.97276099577653,69.90776427089874
17.0,91.0,128.7532631383488,69.86541016844681
17.0,92.0,129.56708669110472,70.66777779606556
17.0,93.0,128.48681808635052,69.1261290592098
17.0,94.0,129.36431698480214,69.06459307814012
17.0,95.0,130.57906793829096,70.17906524285934
17.0,96.0,129.39937776560677,68.77385709747072
17.0,97.0,128.49673151827986,69.5325905487677
17.0,98.0,128.23863935902023,69.50596474225732
17.0,99.0,128.61208804701133,70.61533720038376
17.0,100.0,128.15837732649214,70.08879989363973
17.0,101.0,128.75638131416312,69.61422490295922
17.0,102.0,128.78064350622054,68.8647904239291
17.0,103.0,128.9588692156133,68.77409415279266
17.0,104.0,128.9891495143218,69.49906619704717
17.0,105.0,128.54672232028088,69.28078757398002
17.0,106.0,127.10430406641817,68.78065526411423
17.0,107.0,128.03042525674348,68.80754082254667
17.0,108.0,127.8119388551185,69.30160198012504
17.0,109.0,127.59982705755782,69.87354721440124
17.0,110.0,126.68801263512792,69.20217601594283
17.0,111.0,126.74027041588812,69.88716154290408
17.0,112.0,126.6632665126155,70.042020187765
17.0,113.0,127.13392735640124,69.31952474915276
17.0,114.0,128.24189087035137,69.40418005104713
17.0,115.0,128.93931649729484,69.37180589568821
17.0,116.0,127.98530609966934,70.03330293135055
17.0,117.0,127.96287890682068,70.42099937834644
17.0,118.0,128.27038898637764,70.71900170751671
17.0,119.0,128.20865337512922,71.1926103642557
17.0,120.0,127.98949724365976,71.23964656437406
17.0,121.0,127.5468010956579,71.2819197579244
17.0,122.0,128.3804221012218,70.95233880434263
17.0,123.0,128.8713418817873,69.89547615258192
17.0,124.0,128.01558638924365,69.56946523318041
17.0,125.0,128.62653912403897,69.56429967112345
17.0,126.0,129.232981104191,68.9444649322607
17.0,127.0,129.5477636284752,68.25998864205854
17.0,128.0,128.61975827739028,66.38591471170679
17.0,129.0,128.7952117370589,65.6444205011705
17.0,130.0,129.2410503590609,66.28241212310863
17.0,131.0,128.9523528803046,66.46476903881394
17.0,132.0,128.70168458162885,67.24818252448064
17.0,133.0,129.4783418581502,67.26188531160905
17.0,134.0,129.56597929293957,67.09010491704451
17.0,135.0,128.89665714597646,66.81361837044984
17.0,136.0,128.51495054972105,66.20930615896178
17.0,137.0,128.57916873038167,66.19327963380398
17.0,138.0,129.5860331159004,66.75286584151569
17.0,139.0,128.7798384023375,68.06428414696398
17.0,140.0,128.02620563348185,67.99477963358653
17.0,141.0,127.68437668094325,69.34302004064996
17.0,142.0,128.14998112052743,67.52199094317288
17.0,143.0,128.16809292355677,67.72740163057647
17.0,144.0,128.64927551424427,67.05767991713746
17.0,145.0,130.26524726502728,65.45010698282705
17.0,146.0,129.4477432439523,65.55120506795343
17.0,147.0,129.22125619368327,65.51340493208322
17.0,148.0,129.2072850831214,66.23059873334928
17.0,149.0,129.96633824328538,68.11617138338968
17.0,150.0,129.93478868973318,67.77109584138336
17.0,151.0,130.2660887219262,68.43543515276474
17.0,152.0,128.72901426943858,68.3145068052363
17.0,153.0,129.13042696582698,66.34862296123832
17.0,154.0,129.84957122223733,66.4681145396157
17.0,155.0,129.62021760896073,69.99982758541486
17.0,156.0,131.0080174481395,70.02236244017809
17.0,157.0,129.98679024822084,70.37974884251429
17.0,158.0,130.967248336185,70.0843338016057
17.0,159.0,131.09099557802907,70.45726019870982
17.0,160.0,131.36481583527163,71.04784582257786
17.0,161.0,129.32722736083184,71.20719998836951
17.0,162.0,130.26112938129322,70.66424825442772
17.0,163.0,130.80147990439306,71.27833952489934
17.0,164.0,130.2361879228886,69.80006628024393
17.0,165.0,130.4615819621747,67.79400423729639
17.0,166.0,130.20743474061794,68.31119238080892
17.0,167.0,127.85847216753046,67.71966525421881
17.0,168.0,130.0047654013329,68.53284443487561
17.0,169.0,131.7801439735342,67.48576657519635
17.0,170.0,131.31671846204534,67.01180606432149
17.0,171.0,131.53553721516417,67.93016175060811
17.0,172.0,131.69785247204567,67.68329497536818
17.0,173.0,129.99521060792748,68.66945667258474
17.0,174.0,130.03456955771864,67.54095285582693
17.0,175.0,127.6335389661846,67.79377279057326
17.0,176.0,126.98565110826618,67.0860541350054
17.0,177.0,126.8583438638394,66.81257229954988
17.0,178.0,126.1937180414716,68.10432319787026
17.0,179.0,126.69293782986702,66.81720951753552
17.0,180.0,127.49063311681311,66.12338426295358
17.0,181.0,127.697983162321,65.5517573174515
17.0,182.0,127.37234889486076,66.05925046165686
17.0,183.0,127.20331929794192,65.37906031863224
17.0,184.0,127.29749153761728,65.83668107687976
17.0,185.0,126.51110312979834,65.6564398362841
17.0,186.0,127.75901908906778,66.82341618990425
17.0,187.0,127.1412014158983,66.91114055333729
17.0,188.0,127.832445875871,67.23592660967424
17.0,189.0,127.65473648559868,67.55824331536385
17.0,190.0,126.65411645486162,67.83969971577568
17.0,191.0,126.60031170042694,67.6251549919423
17.0,192.0,125.4775006442523,67.00390360711752
17.0,193.0,125.72465398978233,66.998359409327
17.0,194.0,124.73728735144638,66.92299915731391
17.0,195.0,125.87269456264994,65.98459082703702
17.0,196.0,126.48154203056312,65.73222557017594
17.0,197.0,125.98918519207923,65.58291281463059
17.0,198.0,126.85601437737397,63.70661613609138
17.0,199.0,125.9492855248683,64.3171791597836
18.0,0.0,136.666672139383,135.6442913313031
18.0,1.0,136.773504853466,134.68203685181163
18.0,2.0,137.01570195637987,136.10109729988702
18.0,3.0,136.82967875179185,133.44484944312504
18.0,4.0,137.48924057588545,131.49679457050908
18.0,5.0,138.58794880398037,132.49442563380634
18.0,6.0,138.94361590064537,132.86558991634666
18.0,7.0,138.48566205874113,133.015149994324
18.0,8.0,138.68064562205967,132.05208221428344
18.0,9.0,138.60833180392996,133.729722169841
18.0,10.0,137.49747128709367,134.2448302430912
18.0,11.0,137.82097166565288,133.4121817896013
18.0,12.0,137.17087689124267,132.88058719833603
18.0,13.0,138.02896640923956,133.05357186805276
18.0,14.0,137.02044495276877,132.31263225814465
18.0,15.0,136.85711689899568,132.42855974722465
18.0,16.0,137.28362353045182,131.7667137915243
18.0,17.0,135.92073691183822,132.87535329472712
18.0,18.0,135.87565918316554,133.5621506074933
18.0,19.0,134.9344907783121,134.49034189332488
18.0,20.0,133.9711903489563,133.44720536879967
18.0,21.0,132.795266727212,133.77347168256108
18.0,22.0,133.3570255147456,132.75024313274972
18.0,23.0,133.21419336437825,131.9478663393879
18.0,24.0,134.18605871899427,132.85847390509585
18.0,25.0,133.72468212359826,131.63810930429366
18.0,26.0,133.11110645310407,132.21062658277287
18.0,27.0,133.81622223418762,132.84937245362326
18.0,28.0,133.3236778530366,132.76553135697176
18.0,29.0,134.57324454442508,133.74851989402873
18.0,30.0,134.8448722992363,132.90879762840217
18.0,31.0,134.53119666107165,134.05552546282013
18.0,32.0,134.40811324606588,133.988538783654
18.0,33.0,133.14147493622258,133.83943126824866
18.0,34.0,133.45101607944028,134.06041445746305
18.0,35.0,134.58464472410236,134.28412556299168
18.0,36.0,134.6158368163728,135.537203946904
18.0,37.0,133.85324681464695,135.9653193174217
18.0,38.0,133.14704343354722,137.11713946218686
18.0,39.0,132.96621111119433,136.96825391661056
18.0,40.0,131.66474347808776,136.72158228639424
18.0,41.0,131.90397958325667,137.70343882183874
18.0,42.0,133.1410913187895,137.53045715877903
18.0,43.0,132.5943639139571,138.72879530490567
18.0,44.0,132.80606214547254,137.72241025805374
18.0,45.0,134.05469894795627,136.32718877066156
18.0,46.0,134.1729492497281,135.32479283411723
18.0,47.0,133.68750975638258,136.20270661104624
18.0,48.0,133.3637335542829,135.44526244264011
18.0,49.0,132.10259602609972,135.19499717389377
18.0,50.0,131.54138575473766,134.88355261818197
18.0,51.0,130.01480872682842,134.1961470613861
18.0,52.0,129.60158353535166,133.08823502382725
18.0,53.0,128.83064372176284,134.00126145241117
18.0,54.0,129.65851336497306,133.8963931934266
18.0,55.0,129.88444438394353,134.3670233880503
18.0,56.0,130.49683747319247,134.2272409096726
18.0,57.0,129.88983681776097,133.41650901392833
18.0,58.0,129.81058038713573,133.15337259200172
18.0,59.0,130.32413310190194,130.8828177458316
18.0,60.0,130.9279249391956,131.43227432870412
18.0,61.0,129.5193366775423,132.44678444039252
18.0,62.0,129.8037148661008,130.41464070253926
18.0,63.0,128.4881235446761,131.3694497879487
18.0,64.0,128.3897733534373,130.6929435950778
18.0,65.0,129.62357004415628,130.94760483153158
18.0,66.0,129.89701091630116,131.43474802823602
18.0,67.0,129.96444590235348,131.03109818213872
18.0,68.0,129.38245411383772,132.03742364785893
18.0,69.0,130.0156961003717,131.45898507048636
18.0,70.0,129.19977291002164,131.86848837518235
18.0,71.0,130.2837779497147,130.58542772996782
18.0,72.0,130.71486677641414,130.8179462424469
18.0,73.0,131.25197723387302,130.51961811035483
18.0,74.0,129.29778145400385,130.41261856222712
18.0,75.0,126.36908778230024,129.64750185044232
18.0,76.0,126.93937948401847,128.28441660501537
18.0,77.0,127.30261569199772,129.03041314292275
18.0,78.0,127.17274983539396,129.59963398402024
18.0,79.0,127.2267782542372,129.0484778704615
18.0,80.0,127.63668150175684,129.15376115251584
18.0,81.0,125.7505285655729,129.30077510756584
18.0,82.0,128.5065383206875,128.03529739451204
18.0,83.0,129.27084088374127,126.53598206191064
18.0,84.0,127.94761641519564,128.06127445184737
18.0,85.0,126.97907688812064,129.68588389591545
18.0,86.0,127.51369338404244,130.42084996683027
18.0,87.0,128.86429208324074,130.00247098188603
18.0,88.0,129.72991737670225,130.62217254873875
18.0,89.0,129.83501571276454,130.4684325211816
18.0,90.0,129.4522593792225,130.10735845305186
18.0,91.0,129.66026894924025,130.3242700058577
18.0,92.0,127.10785116443584,132.43031786413823
18.0,93.0,125.15256950323138,134.6044012750884
18.0,94.0,124.15211714766372,134.8399893665426
18.0,95.0,124.71898817757406,134.95878019930834
18.0,96.0,125.93091894294372,136.23741680915222
18.0,97.0,127.222820989909,137.18300018444393
18.0,98.0,127.18679766295784,135.56203489095697
18.0,99.0,125.93455284619326,137.0262673477976
18.0,100.0,127.60472563600912,137.6166567664072
18.0,101.0,128.73996297199568,136.36081496841916
18.0,102.0,127.15118523708644,135.39477474610155
18.0,103.0,125.28926081938418,134.58106292107456
18.0,104.0,124.35025913910027,135.04658639331163
18.0,105.0,123.69642939358188,135.08066346403115
18.0,106.0,125.02320144440972,134.0080802058932
18.0,107.0,124.16500680616068,130.8606824668428
18.0,108.0,123.00818564969669,130.403644651991
18.0,109.0,122.95537110725576,132.40234034301838
18.0,110.0,122.58981721760156,132.78533505496426
18.0,111.0,121.00519360480222,133.4578636462724
18.0,112.0,119.66800146269505,134.7949297057396
18.0,113.0,120.58100693703354,133.05361769295678
18.0,114.0,121.22520848732512,131.69498883888602
18.0,115.0,122.76647447762464,131.30890403599702
18.0,116.0,122.56789264749828,132.06884218238363
18.0,117.0,120.34059049105484,131.65055997281738
18.0,118.0,120.18164892964153,129.9571422389848
18.0,119.0,122.1067096197898,132.27858363852067
18.0,120.0,122.8308224063378,132.51963078887707
18.0,121.0,122.49344139214372,133.03584598089313
18.0,122.0,121.62007679613806,133.54531590760385
18.0,123.0,120.57598059465772,132.9439405271554
18.0,124.0,120.72120482293542,132.5237839632022
18.0,125.0,121.20569711882202,131.77982685760736
18.0,126.0,123.03120779126547,132.71037507782538
18.0,127.0,123.57181943366126,132.22750630546676
18.0,128.0,123.66094338881912,131.5622718347126
18.0,129.0,122.4834652676798,132.4822818000804
18.0,130.0,121.864950719245,131.67461041865283
18.0,131.0,123.04721087505038,131.3016715146092
18.0,132.0,124.4723831560562,132.04365600859643
18.0,133.0,124.65002556409146,131.92465831105764
18.0,134.0,124.05727590309718,132.8376844649853
18.0,135.0,123.97346401466643,133.03548548174294
18.0,136.0,124.90008260665526,132.6598291076434
18.0,137.0,125.95820598871477,132.6523836876143
18.0,138.0,124.25145460697354,132.91270943643167
18.0,139.0,124.8452052451724,133.09518301553325
18.0,140.0,125.15227837380051,131.9477105360725
18.0,141.0,125.12858330771216,131.99382620201956
18.0,142.0,122.0028991358023,131.42434217140195
18.0,143.0,119.72943627479832,133.46948699296087
18.0,144.0,120.29286976031564,134.99029997332337
18.0,145.0,121.38342518200544,133.67707401389805
18.0,146.0,120.77828876288896,134.20619511394375
18.0,147.0,120.20325290051636,134.18959094754217
18.0,148.0,120.66829596611277,132.38001647100475
18.0,149.0,118.35003461596614,133.82873257402957
18.0,150.0,118.73782884971524,133.02275883304702
18.0,151.0,118.67793513250624,132.93620806472055
18.0,152.0,119.4488304927092,134.61894426227332
18.0,153.0,119.8928400514839,134.25411219200777
18.0,154.0,119.31721942563128,134.3107795167837
18.0,155.0,118.8210291986926,133.18634506948428
18.0,156.0,117.11255573436688,132.64212504730736
18.0,157.0,117.88532082082811,132.9798341952974
18.0,158.0,117.93622842243158,132.45392453206324
18.0,159.0,118.62150581225312,132.15845033561314
18.0,160.0,118.72664156061428,132.38241716504274
18.0,161.0,119.73811002198254,132.72816706260593
18.0,162.0,121.10144585620274,131.07621739721833
18.0,163.0,120.3107229970808,131.17630854038902
18.0,164.0,120.61698742583704,131.13842976457514
18.0,165.0,121.56275500405032,130.94225610112622
18.0,166.0,120.95673410282475,132.26889474927955
18.0,167.0,121.3899139919291,132.30481162117627
18.0,168.0,121.98489332808136,131.7292306650607
18.0,169.0,121.28460329164784,132.0567880475619
18.0,170.0,121.92656936249998,132.45888104685903
18.0,171.0,121.48448771032128,131.96381443903584
18.0,172.0,121.58770958208176,132.74429515415466
18.0,173.0,120.8230746885428,132.26790704604184
18.0,174.0,121.7671500804772,133.4453474543274
18.0,175.0,121.55692320613475,134.1670989593871
18.0,176.0,120.25808254273149,133.78816500170927
18.0,177.0,119.63423458382375,134.41186899381827
18.0,178.0,119.32800726760094,133.13866744346814
18.0,179.0,119.8989308304928,131.9633562731183
18.0,180.0,119.3224309637279,133.78570399516093
18.0,181.0,121.25917499081896,134.47081365007634
18.0,182.0,121.10242785787932,132.88449898887816
18.0,183.0,121.95685198154554,133.19170601524198
18.0,184.0,123.06687284084896,133.0022036436315
18.0,185.0,122.62598949360968,132.21089640081706
18.0,186.0,121.22633628754704,132.2086263390838
18.0,187.0,121.17544661014564,132.3393322708229
18.0,188.0,120.66389084549316,131.25239584105617
18.0,189.0,120.63260638930905,129.94933939304096
18.0,190.0,120.75442279715791,129.90369728018197
18.0,191.0,120.84172195434569,128.50410181835875
18.0,192.0,120.36692723712775,128.31703669120694
18.0,193.0,120.81195159012198,129.02422125853826
18.0,194.0,121.54789435423535,128.9258659954069
18.0,195.0,121.36466018618712,129.5437586675926
18.0,196.0,122.28266016027426,130.4986236221972
18.0,197.0,123.41809930926568,130.02917724630535
18.0,198.0,124.16110410606792,129.4061828078057
18.0,199.0,124.97356918298496,130.50677072509845
19.0,0.0,183.1433864238544,105.0802364012838
19.0,1.0,184.39276925837407,105.53125597048722
19.0,2.0,182.66204941038092,105.78814418257166
19.0,3.0,183.07747771792967,106.13266240159614
19.0,4.0,182.19773937460505,105.22829179334492
19.0,5.0,183.56505930691085,105.89644680323435
19.0,6.0,182.27750774182425,105.71495712823447
19.0,7.0,182.3410589673313,105.9558072973863
19.0,8.0,182.5388696115425,106.58674191437429
19.0,9.0,182.1334399087324,106.3563559950001
19.0,10.0,182.3843258567014,106.16201524206696
19.0,11.0,182.68948058122865,105.49352038450702
19.0,12.0,183.30117397668144,105.1319158910745
19.0,13.0,183.7878302847261,105.6699815518676
19.0,14.0,183.559842873582,106.50488538593328
19.0,15.0,183.59160370806697,107.05311791227362
19.0,16.0,182.91410719275711,107.0025177385565
19.0,17.0,182.83643103472383,107.36023695460526
19.0,18.0,182.42003641656,107.20649583767556
19.0,19.0,182.6582819533463,107.76037803870872
19.0,20.0,183.35693123049344,106.76547139483584
19.0,21.0,183.98959262749565,106.3014005204084
19.0,22.0,184.22385423856943,106.46037114007872
19.0,23.0,184.7482521129468,106.56753120715258
19.0,24.0,184.54679615683563,107.40867877348904
19.0,25.0,186.1235780928407,107.5609330761408
19.0,26.0,187.06069199746415,106.85604393790994
19.0,27.0,186.11246894619552,105.2463003960643
19.0,28.0,186.02383785127057,104.27434393674986
19.0,29.0,187.211213526635,105.73706414464816
19.0,30.0,187.59415709184103,104.73873779965956
19.0,31.0,187.9457442563078,103.96847503424576
19.0,32.0,187.6495772010101,103.73858371210846
19.0,33.0,187.31066263475725,103.35902215812428
19.0,34.0,187.91526438265916,103.17618267771496
19.0,35.0,187.6929773939258,103.07789113318375
19.0,36.0,187.7096097441479,103.72429329972022
19.0,37.0,187.13632057949505,103.83064891708806
19.0,38.0,188.02127051481776,103.52704482249224
19.0,39.0,188.26178971711903,103.4216602252398
19.0,40.0,187.06096099429885,103.7711382285246
19.0,41.0,187.7675374205991,104.1051895823252
19.0,42.0,187.3708541936876,105.11453480172334
19.0,43.0,187.91547167718247,104.91383890473446
19.0,44.0,187.37627802002163,105.64437090494376
19.0,45.0,187.6136304878266,106.34604900587271
19.0,46.0,187.08590431930924,106.06405234164352
19.0,47.0,186.40832494763063,106.10285920388456
19.0,48.0,187.1211720367196,106.15318628595178
19.0,49.0,187.31753895369903,105.82430353710934
19.0,50.0,186.98521338968848,105.3234277200286
19.0,51.0,186.74923821777855,105.07239984603538
19.0,52.0,185.99632845161383,105.5752621821602
19.0,53.0,185.49102272155827,105.52684727925964
19.0,54.0,185.43898601986493,106.09761261361724
19.0,55.0,185.5099834723144,105.49843992622132
19.0,56.0,185.7126827165125,106.5522851144558
19.0,57.0,185.72309739390047,107.3336053943104
19.0,58.0,186.11266944228703,108.35888227327204
19.0,59.0,186.082437794854,109.18372043422896
19.0,60.0,185.17640380132653,110.1670954524304
19.0,61.0,185.56407228285647,110.08095761905015
19.0,62.0,185.4011247343633,110.8219187118708
19.0,63.0,185.3200956235309,110.45437282994423
19.0,64.0,185.17415910414795,111.40886648404027
19.0,65.0,185.2099031985786,111.22423767910593
19.0,66.0,185.02439031006813,111.51689900528416
19.0,67.0,184.99591282244464,111.80645827141215
19.0,68.0,184.80971539037972,111.79129405826316
19.0,69.0,183.5061413141565,111.52369351312312
19.0,70.0,183.37803106499624,112.81954554090632
19.0,71.0,183.6572790447493,111.82359955351208
19.0,72.0,182.94025479070845,111.82993805961708
19.0,73.0,182.99670417107987,111.84555407642212
19.0,74.0,183.052033711605,111.39527188045628
19.0,75.0,182.8461362316181,110.5711425119394
19.0,76.0,182.14262111073404,109.59224560212398
19.0,77.0,182.67371223086252,109.5447295303578
19.0,78.0,182.7624166441604,109.64349983491265
19.0,79.0,183.5212461131146,108.28803068018756
19.0,80.0,184.7894172613488,107.90806429763376
19.0,81.0,185.5582203862244,107.7980102134203
19.0,82.0,185.37346427850665,107.93610899713588
19.0,83.0,185.27160295739225,107.5412481839567
19.0,84.0,185.86216877225763,107.33974775530676
19.0,85.0,185.44341926465663,107.98716351920886
19.0,86.0,186.68578862425292,107.4684826146224
19.0,87.0,187.10622741425837,107.41852940319627
19.0,88.0,186.34045326529477,107.93937303309644
19.0,89.0,186.5912461248089,109.0525313991432
19.0,90.0,186.67917263366263,108.88288373059332
19.0,91.0,186.4370105658584,109.34286818981454
19.0,92.0,186.09355152277632,110.10267982026798
19.0,93.0,184.9963136726411,109.2571041837596
19.0,94.0,185.5655312636404,110.0894625618546
19.0,95.0,184.65435755846528,112.72960880697876
19.0,96.0,183.830859617911,116.39811239147484
19.0,97.0,185.19245132147887,119.05402668984206
19.0,98.0,182.6862307965912,119.25741419543068
19.0,99.0,182.5943553414008,119.6942135723767
19.0,100.0,182.52681525049465,121.5679184244019
19.0,101.0,180.72002145943583,121.55943080258317
19.0,102.0,182.06045652819267,121.5122769534226
19.0,103.0,180.72083052741093,119.76947726685918
19.0,104.0,181.8066607622298,121.39663881757096
19.0,105.0,179.9638469427729,123.94496970571323
19.0,106.0,180.8717565914133,124.35055653834942
19.0,107.0,180.7829762243201,124.36655856662549
19.0,108.0,179.66456796481114,122.00497255181006
19.0,109.0,179.7396243185636,120.88868166741716
19.0,110.0,179.42894166055234,120.9082501817123
19.0,111.0,179.25203272220588,120.9731078462572
19.0,112.0,178.73480115147956,118.83624913713756
19.0,113.0,177.3534411333572,119.1247544659598
19.0,114.0,176.93696381776095,117.04627291003295
19.0,115.0,177.5670721708189,116.50179027998826
19.0,116.0,177.3314551417125,114.79184446255154
19.0,117.0,176.5232970181306,114.48548008738511
19.0,118.0,176.85578545284508,114.12790431442384
19.0,119.0,177.95322002358745,115.2083521328711
19.0,120.0,176.52738622402745,113.65097176695768
19.0,121.0,176.23639929395245,113.20428844727589
19.0,122.0,177.34247792384343,113.57860597376175
19.0,123.0,176.09556693536675,113.78609959740692
19.0,124.0,175.0720543966864,113.94836190102156
19.0,125.0,174.4164108402282,113.66754014627276
19.0,126.0,175.34941160519128,112.08189520281137
19.0,127.0,174.13437177475066,111.14751743696796
19.0,128.0,174.49598134704968,112.2686693719838
19.0,129.0,175.7556292549305,111.98219062180809
19.0,130.0,174.88252002859687,112.91192403442297
19.0,131.0,175.3781113033675,111.93658896814316
19.0,132.0,175.4787727588387,111.85232496752884
19.0,133.0,175.25139136227065,110.83226475110544
19.0,134.0,176.2071477999568,110.53192574791616
19.0,135.0,176.3401404266427,110.12566112662144
19.0,136.0,176.1168745388389,109.36076026753182
19.0,137.0,178.11414313413613,108.11962209616252
19.0,138.0,177.24550475155587,108.73873798311726
19.0,139.0,177.47688700547943,108.47097815507186
19.0,140.0,175.62948994244667,109.8034785761742
19.0,141.0,175.59394023166016,112.69936652096052
19.0,142.0,178.37625797235427,112.85060762372048
19.0,143.0,177.7561110588286,112.76189296930528
19.0,144.0,178.51784284501997,110.95373614758743
19.0,145.0,178.50765746093276,110.58356590568089
19.0,146.0,177.44731941023633,110.74460977661052
19.0,147.0,179.3698380081355,111.83876195073842
19.0,148.0,180.89530233175424,113.6298349803688
19.0,149.0,181.67309615893996,113.31450606777094
19.0,150.0,182.6667322011095,115.08316283280162
19.0,151.0,179.85009426068498,115.62750771407508
19.0,152.0,178.64605756130774,114.41541607434124
19.0,153.0,179.13533707952055,113.63852883418345
19.0,154.0,178.5015022374605,112.59626451341876
19.0,155.0,175.62862407470425,112.40670589816982
19.0,156.0,175.57040678681352,112.7585010769017
19.0,157.0,175.52496714902136,112.09914003448348
19.0,158.0,175.9422285885116,113.01365013026064
19.0,159.0,176.85448411598082,112.86922507657742
19.0,160.0,176.57011237841138,112.68404823794432
19.0,161.0,176.47999047346715,111.774917899417
19.0,162.0,177.5369219663159,109.86039814159967
19.0,163.0,176.84333635851138,109.71587006125786
19.0,164.0,176.92600277954173,111.39069411193766
19.0,165.0,176.8492872998173,111.45298454061673
19.0,166.0,177.0549783684019,110.81419916162066
19.0,167.0,177.51561046693735,111.16571422104852
19.0,168.0,176.20910627057646,110.72019406102858
19.0,169.0,175.12244459369157,109.82486181094852
19.0,170.0,174.4525623312368,112.32059559844384
19.0,171.0,174.8334106276744,114.70809317699742
19.0,172.0,175.5285603758078,114.2756062667804
19.0,173.0,177.28133290062166,113.82137872859056
19.0,174.0,175.5577995625283,112.72314770237004
19.0,175.0,176.30541322971695,111.9971070926874
19.0,176.0,176.22163704299427,111.57883457659923
19.0,177.0,175.89674059846251,112.7290348025182
19.0,178.0,176.76462685716606,112.25109666009917
19.0,179.0,176.2906499440005,113.1308545860042
19.0,180.0,175.66876922181206,113.0910085876764
19.0,181.0,174.44794405665553,114.14144217710464
19.0,182.0,175.23698583449058,114.47700343766132
19.0,183.0,175.5985931287455,114.08514283122295
19.0,184.0,175.68074480677382,113.68196932539564
19.0,185.0,175.66022676805406,114.21482867989262
19.0,186.0,175.0408039656411,114.58071089513632
19.0,187.0,174.01104540923762,114.51148621287972
19.0,188.0,174.95717775148583,115.55245302452468
19.0,189.0,174.7669987592073,116.13161758004082
19.0,190.0,174.74265013718252,116.37297699959052
19.0,191.0,175.33447330736757,117.5724922977512
19.0,192.0,175.15056975552048,116.99823748043563
19.0,193.0,175.48480381945663,116.9033528344922
19.0,194.0,175.381813221822,117.41126457074265
19.0,195.0,176.088662395369,117.35129012472368
19.0,196.0,176.5875204148103,117.94706364617352
19.0,197.0,176.18226144132927,118.788819293439
19.0,198.0,176.90819699565307,119.26677041620444
19.0,199.0,176.43121072970996,119.5704016858873
20.0,0.0,177.61528366392233,166.45590573315232
20.0,1.0,177.1539553750636,166.95717992200338
20.0,2.0,176.61217852649767,167.52863316633503
20.0,3.0,177.57595598358785,165.52973148496162
20.0,4.0,178.33297669871715,165.9759219440606
20.0,5.0,177.856280366183,166.7273648904197
20.0,6.0,177.66318905461665,167.28283495474304
20.0,7.0,177.35571758654874,166.6809690140751
20.0,8.0,176.69971181293457,166.807722765761
20.0,9.0,176.50906844517425,166.76568664395404
20.0,10.0,176.7738931646303,166.1587282428814
20.0,11.0,176.8205708751479,166.37025749896057
20.0,12.0,177.78953408939813,165.39990480795166
20.0,13.0,177.89109696805372,165.76582576845564
20.0,14.0,178.41720743992667,165.45137851684157
20.0,15.0,179.0177160597431,165.6491946300273
20.0,16.0,179.03436093191027,165.44286296192817
20.0,17.0,178.52612554968468,166.0812556498284
20.0,18.0,178.60100500646192,166.48672610283782
20.0,19.0,178.61263846875042,167.51845693735171
20.0,20.0,178.38327657616856,168.5217655576496
20.0,21.0,178.5122896539756,167.52791657126988
20.0,22.0,177.86187050574537,167.4224116158507
20.0,23.0,178.73319550074822,168.18277116233065
20.0,24.0,177.2202331198182,168.02093679633717
20.0,25.0,176.8478573613459,167.06181854062623
20.0,26.0,176.05367137461468,166.6839457076049
20.0,27.0,175.51762606423958,166.5858237015951
20.0,28.0,175.5051379985196,165.59547131440743
20.0,29.0,176.35516030873356,165.14967605956255
20.0,30.0,175.84104538235243,164.57420276937404
20.0,31.0,175.677908127758,164.795799492774
20.0,32.0,177.03005736283274,165.70035820797375
20.0,33.0,177.00159133385935,166.63785481485033
20.0,34.0,177.42560288933976,166.49002661892948
20.0,35.0,177.2698214472127,166.40776870553714
20.0,36.0,177.2825682004127,167.14915064301155
20.0,37.0,177.04179800630143,167.0948286423238
20.0,38.0,176.27501431224252,166.5705045147879
20.0,39.0,175.93871573332453,166.48981969273677
20.0,40.0,175.73327555990363,165.9834268645262
20.0,41.0,175.72468000899855,166.39688926533816
20.0,42.0,175.86672414541377,165.30929779450892
20.0,43.0,177.52085090649132,165.45683930561643
20.0,44.0,177.06431193244137,165.70745268686926
20.0,45.0,176.16557782969502,165.80983716481057
20.0,46.0,175.07731679113144,166.86864773363436
20.0,47.0,176.73490230721438,168.13425381188728
20.0,48.0,176.65858950748236,168.59250607490924
20.0,49.0,176.2296583546401,169.1984393880894
20.0,50.0,177.23045674656703,169.36904525174586
20.0,51.0,177.78028766010263,168.858947076549
20.0,52.0,177.89500236042483,169.4793623536429
20.0,53.0,177.08344243924796,170.5504193888259
20.0,54.0,175.31740551904454,170.4497942398698
20.0,55.0,175.13900617227873,171.4247554804853
20.0,56.0,174.9553288969303,171.35819489069564
20.0,57.0,174.1552564618271,171.80123439973016
20.0,58.0,174.01164619065392,170.26961641050465
20.0,59.0,174.51809897955417,170.01531410611776
20.0,60.0,173.9302746860488,170.03622894138374
20.0,61.0,172.76026716226073,171.06956833848233
20.0,62.0,172.54102263670927,170.0833598617849
20.0,63.0,173.43076035861856,170.00624308225758
20.0,64.0,172.57647869067546,170.73781925889142
20.0,65.0,171.17189825765,173.6516235477655
20.0,66.0,170.43748567636968,171.0662294089569
20.0,67.0,170.8010588159532,173.59175752454772
20.0,68.0,169.73623874733414,171.412896121461
20.0,69.0,168.878351282997,171.32057632748771
20.0,70.0,169.00252231064957,173.23921737302905
20.0,71.0,170.2641625697078,173.6335250285707
20.0,72.0,170.30671915916386,171.57832368613458
20.0,73.0,169.57388494614392,171.42056974507062
20.0,74.0,170.1738734998411,170.24165305867066
20.0,75.0,168.46841173836808,171.24378465295084
20.0,76.0,167.30389736862742,171.71730592628745
20.0,77.0,166.350062711764,171.9857829516748
20.0,78.0,167.26210156317532,170.81727331744528
20.0,79.0,167.72932061525918,172.28579958327288
20.0,80.0,168.28291040277577,173.03085097234842
20.0,81.0,168.24317912493623,172.21776064811002
20.0,82.0,169.31320034487098,171.17030906282884
20.0,83.0,168.75211453896355,170.62724930308465
20.0,84.0,167.8336695975975,171.20654991659063
20.0,85.0,167.53160913328713,171.17572073034452
20.0,86.0,167.1734005697094,170.69325617303824
20.0,87.0,167.92364985155908,171.75791769608784
20.0,88.0,167.3710973397853,171.7233426404991
20.0,89.0,167.0629838977228,172.86558578516085
20.0,90.0,167.06285777419455,173.50474678087642
20.0,91.0,167.0338907032594,172.50795455356666
20.0,92.0,167.43625818397686,172.68968026973755
20.0,93.0,168.3232953918374,172.25684433187067
20.0,94.0,169.2142811977479,173.10280685146697
20.0,95.0,170.27378237829512,172.51821073790308
20.0,96.0,170.9560864724811,171.25246810646692
20.0,97.0,171.93373388161945,170.614019779387
20.0,98.0,170.72851782343696,169.511850714787
20.0,99.0,171.58040711909547,169.02749501350553
20.0,100.0,172.39985030597006,169.8191422721922
20.0,101.0,174.95211037457534,172.49916152606676
20.0,102.0,177.4773869744852,172.78363004491817
20.0,103.0,177.7004539010199,172.53898836950782
20.0,104.0,178.36490029637622,170.97110455534911
20.0,105.0,179.1182064490899,167.58105359372948
20.0,106.0,178.90694079752458,165.71421147142
20.0,107.0,180.95973221238148,165.8691838317153
20.0,108.0,181.0589574407161,164.90492221785917
20.0,109.0,181.35688371204776,164.67746071032988
20.0,110.0,181.02613711745025,164.15839640411494
20.0,111.0,181.90969367234743,164.20416707233014
20.0,112.0,181.43587384996843,164.74896132847903
20.0,113.0,181.22924904450747,165.7141155072315
20.0,114.0,181.46111964721496,166.2157572152416
20.0,115.0,182.03057026733097,166.9623782421084
20.0,116.0,181.75756931026183,166.95059296424418
20.0,117.0,181.0358227011696,166.89341659159177
20.0,118.0,180.870925114624,166.6026694534374
20.0,119.0,181.49965838299207,166.3987237372609
20.0,120.0,181.09554033298392,166.91055216196463
20.0,121.0,180.2504069663328,167.60739501075088
20.0,122.0,180.7174297257849,167.2143978599054
20.0,123.0,178.72230301245682,164.7046642070865
20.0,124.0,180.77133442640485,165.60260041587983
20.0,125.0,181.0685832582153,167.82090634794213
20.0,126.0,183.0076446758022,168.27709264634387
20.0,127.0,183.9920487550864,168.51932986146016
20.0,128.0,183.27769842470516,168.86071200355406
20.0,129.0,183.6606342177772,169.85623862735565
20.0,130.0,184.0874659800729,169.09225452252446
20.0,131.0,183.80135063206305,169.71554176301584
20.0,132.0,183.97754222241895,170.2134582614256
20.0,133.0,184.35453690860209,170.74364568031305
20.0,134.0,183.48851489497545,170.66034555379915
20.0,135.0,184.69348522419563,171.32703786390343
20.0,136.0,186.05993019835128,171.1993670109143
20.0,137.0,185.86611037104504,170.68933339167322
20.0,138.0,184.1348514002409,171.18485791021482
20.0,139.0,187.11147318500227,169.66529423024832
20.0,140.0,188.38782558977644,169.76902604114431
20.0,141.0,186.61718598233415,168.25684648395807
20.0,142.0,188.4731876505297,168.28172555213376
20.0,143.0,188.3227206110455,168.65163234175782
20.0,144.0,188.5572957223347,169.97641884117837
20.0,145.0,188.9599337287103,171.1716859493452
20.0,146.0,187.8901600001925,167.73146791868965
20.0,147.0,187.0047895650872,166.82244180097643
20.0,148.0,186.6243780560297,166.7876499442708
20.0,149.0,185.6061406149068,167.1542233206106
20.0,150.0,185.93423313117245,167.46646100483943
20.0,151.0,185.9500720976359,167.55296390039263
20.0,152.0,186.4876763939764,167.31375766493915
20.0,153.0,186.9872422217468,167.4552682385878
20.0,154.0,185.43301192889484,166.51867961143307
20.0,155.0,186.12821695794617,167.09943903325518
20.0,156.0,185.19927155438336,166.6197624157417
20.0,157.0,185.32211849749808,167.5637264020773
20.0,158.0,184.82902346647228,168.36680244570698
20.0,159.0,185.09946039983996,169.09005807974577
20.0,160.0,185.43897122602365,168.46844765947512
20.0,161.0,185.97711342340563,169.40020275845245
20.0,162.0,185.69346538275167,168.63771327643124
20.0,163.0,187.0968307515432,168.63444439915264
20.0,164.0,186.2647768036152,168.02567906815966
20.0,165.0,187.6123893315364,170.29598810861398
20.0,166.0,187.37844247210927,170.68300961508623
20.0,167.0,186.88398685919088,168.81681937919316
20.0,168.0,187.30438657685363,167.61869022802955
20.0,169.0,187.1303597950247,167.31051381852515
20.0,170.0,186.2655651668898,167.6986587368632
20.0,171.0,185.94320337077488,168.0569247417128
20.0,172.0,186.76704133452003,167.89165822422842
20.0,173.0,186.3905635847514,167.69570576804452
20.0,174.0,186.1802327103238,168.0069722742876
20.0,175.0,185.5194605252115,167.1144501586958
20.0,176.0,185.16381350065976,166.87786789951903
20.0,177.0,184.47928274524412,167.2955551452711
20.0,178.0,184.5184187324491,166.02630605895442
20.0,179.0,185.3407369829336,165.99286668059474
20.0,180.0,184.99479306028925,165.60794246511887
20.0,181.0,184.77269428649677,165.47293520811078
20.0,182.0,184.1564113210402,165.87777373678685
20.0,183.0,183.71970136072184,166.4487428931254
20.0,184.0,185.16194637119565,166.6182404908827
20.0,185.0,185.37256347343904,166.84585423456946
20.0,186.0,186.13926000938773,167.50209587625488
20.0,187.0,187.16859318746904,168.44278514511078
20.0,188.0,188.97579242208755,168.38751300283658
20.0,189.0,189.52760068712283,168.33386136037245
20.0,190.0,189.95412321233323,168.94242789791852
20.0,191.0,190.3580550867635,168.71168832067286
20.0,192.0,190.95865535846937,168.42479215390065
21.0,29.0,167.34195927000792,181.8537261489319
21.0,30.0,166.42224015465214,181.8027678189929
21.0,31.0,165.85107280311,182.04105927929183
21.0,32.0,166.6868233696733,181.5681829852444
21.0,33.0,168.15605851722464,181.1737317358425
21.0,34.0,166.8564735925529,179.50044562742977
21.0,35.0,166.04316200316026,180.6517736698967
21.0,36.0,166.20837535066127,180.3253031646479
21.0,37.0,165.7325414105542,179.3540846001438
21.0,38.0,165.40928334923854,179.3467266432862
21.0,39.0,165.9529734927205,178.65628975799393
21.0,40.0,165.2640452577492,178.08579210920777
21.0,41.0,165.26589308133134,177.41613990220077
21.0,42.0,164.78985636894902,177.38925721391902
21.0,43.0,164.73560896131784,176.36427893180192
21.0,44.0,162.52693138839396,177.00204632685282
21.0,45.0,161.78456327147418,176.48620333385566
21.0,46.0,161.4101123790416,175.85542892469488
21.0,47.0,161.35544129861262,176.3773586839692
21.0,48.0,161.15065536020214,175.33653783648327
21.0,49.0,161.7150317241101,175.78526748778282
21.0,50.0,164.30240738103137,175.69107381837205
21.0,51.0,161.41075294854994,175.41882300474808
21.0,52.0,162.20954628363023,174.78921704417309
21.0,53.0,163.44254430355176,174.0153007062466
21.0,54.0,164.81244141188031,174.4708278010658
21.0,55.0,165.7861646223733,175.47860610767387
21.0,56.0,166.19163142622375,176.17568614119142
21.0,57.0,165.65652913946403,176.89981874423162
21.0,58.0,166.09386717367246,177.66921895692215
21.0,59.0,166.71879980865398,178.79036800629697
21.0,60.0,168.05284531082629,178.89136553613466
21.0,61.0,168.0363218869517,177.37347310082296
21.0,62.0,167.7570059887185,178.1480472210098
21.0,63.0,167.55349075164253,179.61593546530145
21.0,64.0,166.84508577668458,179.0942289689596
21.0,65.0,168.20337686198917,179.8690369530585
21.0,66.0,167.84972675981933,180.4303465174616
21.0,67.0,167.94883152688,179.48365381341657
21.0,68.0,168.71096528745232,177.2924620810142
21.0,69.0,170.47576588148337,177.38542316050032
21.0,70.0,172.36699736049454,179.7708225194578
21.0,71.0,171.1792784915245,179.3172966411619
21.0,72.0,168.67526615303748,176.70730663705336
21.0,73.0,167.92765807614836,177.9486886262139
21.0,74.0,168.0847902780225,179.05256593509722
21.0,75.0,168.16384941711124,178.88283471303075
21.0,76.0,166.86252021788772,179.8530914113363
21.0,77.0,166.06312137790684,181.416049461284
21.0,78.0,166.5268490602108,181.10109659329837
21.0,79.0,166.66479702897354,181.389723500464
21.0,80.0,165.625078506355,181.74412905458735
21.0,81.0,166.73192167489444,180.7131990207483
21.0,82.0,167.73266713994434,180.7762342496001
21.0,83.0,167.93443870964958,180.92776519707525
21.0,84.0,169.02013330632371,180.2432947916677
21.0,85.0,167.36407026835536,180.3788509765841
21.0,86.0,168.62503606489165,180.8138160833485
21.0,87.0,168.01766322869227,181.0377821324172
22.0,0.0,94.7795951472214,60.14558086057027
22.0,1.0,94.44596621243475,60.85564177879946
22.0,2.0,94.5224350113702,60.19514632202391
22.0,3.0,93.36005587170324,60.60378157346649
22.0,4.0,92.96696357689464,61.48591070383362
22.0,5.0,91.23734274548602,62.01714095016909
22.0,6.0,92.88158008535954,62.530033891530216
22.0,7.0,92.2974778914836,62.768907327092606
22.0,8.0,91.6787478411715,62.8223685907222
22.0,9.0,90.82025923163624,63.37332549817673
22.0,10.0,91.51488156938316,63.265236598377584
22.0,11.0,90.5438886653766,62.59272448986059
22.0,12.0,89.17395539412217,62.39712899497
22.0,13.0,89.12715710845026,63.84899245759375
22.0,14.0,89.31115216627795,62.73325901613114
22.0,15.0,90.57062998640768,61.86494369200165
22.0,16.0,89.36908828823928,62.777675453232014
22.0,17.0,89.49579108084625,63.28097343762128
22.0,18.0,89.24625563547272,62.70287215558537
22.0,19.0,91.52277485022098,62.54284319515754
22.0,20.0,90.06945399350278,61.49197935908514
22.0,21.0,92.88452827438,62.41239670563713
22.0,22.0,91.35889304649596,61.6496353034195
22.0,23.0,90.4063046301119,62.42361401946421
22.0,24.0,91.55715804613584,62.75003212562913
22.0,25.0,92.78342476705208,62.85798428335869
22.0,26.0,94.28021748657486,63.18944404950677
22.0,27.0,95.45636467806008,63.89424162474023
22.0,28.0,94.689144183089,63.38925735107922
22.0,29.0,95.292528911698,63.49122560287668
22.0,30.0,94.71841987148996,63.18973783554565
22.0,31.0,96.51402641451178,63.1882620267612
22.0,32.0,95.75500429777084,64.61701804887414
22.0,33.0,95.63238912181426,63.70807515439729
22.0,34.0,94.5362102689392,63.92289645486922
22.0,35.0,93.28625321626548,63.54669529862954
22.0,36.0,93.6165596362782,62.62697199241956
22.0,37.0,93.9171082056112,60.81092528451952
22.0,38.0,94.16510812498493,61.61389860181748
22.0,39.0,93.36700799043052,60.816674070026544
22.0,40.0,94.37864097072254,59.649200314057694
22.0,41.0,93.47050301537068,59.656450674433714
22.0,42.0,93.15260099737812,58.98654719257153
22.0,43.0,93.35101254086298,58.99939260904056
22.0,44.0,93.38698206751916,58.990274462155774
22.0,45.0,93.97774028807687,59.49274643723727
22.0,46.0,93.47995514097744,59.39314348370045
22.0,47.0,94.95741667281814,59.25618453751015
22.0,48.0,94.11703104092608,59.41821210180443
22.0,49.0,94.47489189376812,60.38737609492467
22.0,50.0,96.02432186294182,59.82551341494492
22.0,51.0,94.69120365519989,59.94518676422632
22.0,52.0,92.86065635639842,60.26031956249969
22.0,53.0,91.85111315998704,59.96598616480711
22.0,54.0,91.43184960329503,60.6700341053865
22.0,55.0,91.28466589212364,59.52851293496087
22.0,56.0,91.02614971490702,59.78954611665906
22.0,57.0,90.74167219903934,58.65694292592069
22.0,58.0,89.61609404818722,59.20037565729093
22.0,59.0,89.33075502521218,60.17706671556686
22.0,60.0,89.25297420465314,60.98997570900905
22.0,61.0,89.29889307592262,61.995814700675005
22.0,62.0,88.61626542228208,64.21005773128232
22.0,63.0,91.7965136999424,62.631024017312726
22.0,64.0,92.23944157832732,62.482855550977895
22.0,65.0,92.78467250841533,62.9134550913485
22.0,66.0,93.28399458524636,62.030679302296654
22.0,67.0,93.03575565980366,61.17940224072993
22.0,68.0,94.18616263563544,62.80070016876545
22.0,69.0,94.25328260513751,62.22691071452246
22.0,70.0,93.03701385434654,62.3197541361539
22.0,71.0,93.41368602577668,60.63296861569272
22.0,72.0,94.40273700435236,62.30571216051718
22.0,73.0,93.91584488886603,61.90330754674197
22.0,74.0,93.07682575709318,61.7236170884749
22.0,75.0,92.20830462840482,61.65825620912947
22.0,76.0,91.91335582380036,60.449749356647565
22.0,77.0,91.50438637653896,59.62891329779748
22.0,78.0,92.1543009175565,60.19973293124251
22.0,79.0,90.68683255779098,59.35748051992473
22.0,80.0,90.94554833024006,57.99749072480362
22.0,81.0,92.54629206946376,60.29353857440357
22.0,82.0,93.92262366918256,59.441216179119806
22.0,83.0,94.7368693194977,60.50716078094813
22.0,84.0,94.146652761496,59.68226395464416
22.0,85.0,93.77793546772595,59.95669008936459
22.0,86.0,93.4675900348255,59.7891276449717
22.0,87.0,93.70531626094755,60.797637762295736
22.0,88.0,93.66492488428312,61.04619163008554
22.0,89.0,94.03522770716056,62.13718449506734
22.0,90.0,95.04368843818276,62.68511185422572
22.0,91.0,94.24203135046396,62.51887897749804
22.0,92.0,94.5738753991136,63.04998692997707
22.0,93.0,94.4288834180808,62.80916204685784
22.0,94.0,94.14003065074434,64.23613066498086
22.0,95.0,94.47537084766724,63.32114192631946
22.0,96.0,95.12549691001148,64.81022226516524
22.0,97.0,95.27289622118184,63.51865783550869
22.0,98.0,95.77016387536824,64.11859178830476
22.0,99.0,93.24557018376224,64.36665650440426
22.0,100.0,90.52441230951872,66.05189395111118
22.0,101.0,89.56528221204073,69.8566093998207
22.0,102.0,88.07187839402938,71.13900647231135
22.0,103.0,86.9387042680354,71.1594047863079
22.0,104.0,86.91739615742391,71.89708031220144
22.0,105.0,87.46735027873436,71.8632951308906
22.0,106.0,86.31900590787939,71.97564027996889
22.0,107.0,87.06301127194017,71.05671786045292
22.0,108.0,87.21874865090996,71.9008598722753
22.0,109.0,87.45095055412118,71.56997854291161
22.0,110.0,87.72565753990354,72.04324489576946
22.0,111.0,89.47422450147339,71.89190799621178
22.0,112.0,89.1475942828653,70.64973141028509
22.0,113.0,88.47300931879002,71.38392084279043
22.0,114.0,86.87705405771804,72.12093118333485
22.0,115.0,87.64309393797386,72.93315487312104
22.0,116.0,86.64259201976317,73.17781325696106
22.0,117.0,86.85794920313646,73.15466317751574
22.0,118.0,87.90038031267369,73.72534028028413
22.0,119.0,88.12592776846081,71.57844887764773
22.0,120.0,86.54778333757189,69.54153526854235
22.0,121.0,84.40588714488702,70.26107485746084
22.0,122.0,85.68650823781043,72.45944496800004
22.0,123.0,84.4795102312445,72.82278931920823
22.0,124.0,83.16814528781298,73.42266740016363
22.0,125.0,83.15014003986138,74.70093614933127
22.0,126.0,83.35143885002017,74.47598302701208
22.0,127.0,82.58959332575107,72.79124217688259
22.0,128.0,83.23768995107983,72.76781261038217
22.0,129.0,83.00957810900366,71.70615903389835
22.0,130.0,83.72931230636831,72.51918040260148
22.0,131.0,85.26412387410855,71.47231710673401
22.0,132.0,84.41865712612027,73.04941581324985
22.0,133.0,85.19163754146825,73.32531780887618
22.0,134.0,83.21317968096993,73.07688807974485
22.0,135.0,84.38051926665531,75.10802402378242
22.0,136.0,82.98669062226446,75.81846675987187
22.0,137.0,82.23137407159923,75.85097158916345
22.0,138.0,84.48280833882768,77.94210728787425
22.0,139.0,82.19738672293131,77.49242692211473
22.0,140.0,82.27442007020862,79.31510644678943
22.0,141.0,82.19281376766202,79.16187469100717
22.0,142.0,82.3803103843309,79.94663447894384
22.0,143.0,83.31534283508408,80.42466494317189
22.0,144.0,83.34297062900339,80.04111424692314
22.0,145.0,84.3745798076233,78.98119537783047
22.0,146.0,84.15311578693061,79.89412356076825
22.0,147.0,83.67673202035034,80.01204564199536
22.0,148.0,83.08008156404955,80.89942481586982
22.0,149.0,84.09733461837978,81.32628569810451
22.0,150.0,83.22201199520063,82.17300618742159
22.0,151.0,83.64505723020119,81.76857529617288
22.0,152.0,83.22159981499912,81.36423998192544
22.0,153.0,83.17675277985269,81.34103522839135
22.0,154.0,82.39094466338773,81.85033870675822
22.0,155.0,81.15500961044894,82.0036126675121
22.0,156.0,81.67437942144572,81.93356205564879
22.0,157.0,81.75460071524464,81.61674430472881
22.0,158.0,81.12944734854439,80.75305218753081
22.0,159.0,81.79436596504904,80.93441103356085
22.0,160.0,82.42608189499393,79.65477459215725
22.0,161.0,81.25382477314757,80.91209918553979
22.0,162.0,82.21404259760205,81.4748243042753
22.0,163.0,82.18833937946444,81.50388643645545
22.0,164.0,81.99421767796741,81.17909916689351
22.0,165.0,82.16610932311625,82.54254533514515
22.0,166.0,82.62380626062284,83.29888864880031
22.0,167.0,82.27231749824875,83.04356434212927
22.0,168.0,82.35852445154951,82.98934273814352
22.0,169.0,82.0791228421807,84.55124619675927
22.0,170.0,83.46859107572878,82.31270025104665
22.0,171.0,83.18697220994763,81.13482007174676
22.0,172.0,82.02542739205741,81.5840804327932
22.0,173.0,82.33748806005708,79.81002152911506
22.0,174.0,80.15022652280005,80.22561012178502
22.0,175.0,80.29776863983308,79.25407117976476
22.0,176.0,78.33997144477159,80.32814580935016
22.0,177.0,80.20603730409508,82.1548758041652
22.0,178.0,79.25168059524324,82.13606331537487
22.0,179.0,79.68229498478036,80.32322646415628
22.0,180.0,78.72835057292016,79.89643731202075
22.0,181.0,78.81367043489958,80.77942955610438
22.0,182.0,76.82775085650215,78.7996029283386
22.0,183.0,77.03608529495529,78.05634849441168
22.0,184.0,76.32669764326491,77.15620215878602
22.0,185.0,76.27369024604361,76.65351088776956
22.0,186.0,76.75350562984937,77.91334934834052
22.0,187.0,76.34104995692037,77.93843808433645
22.0,188.0,75.98766953720532,78.44337790770601
22.0,189.0,76.12303442310326,79.23259396032553
22.0,190.0,76.64483771073542,80.78612801757721
22.0,191.0,76.81540128743625,80.80120191157158
22.0,192.0,77.00199974566199,80.37718572999242
22.0,193.0,76.23078258268559,79.47985165620658
22.0,194.0,76.7741747666177,79.40634944791975
22.0,195.0,77.58977425821374,80.04107537892706
22.0,196.0,76.70440691405018,80.20465462721153
22.0,197.0,76.96186217315078,80.8640327727294
22.0,198.0,76.1866167030631,80.0839154333969
22.0,199.0,76.86556819470793,81.77763632376616
23.0,37.0,109.21544450585766,180.50353516984427
23.0,38.0,108.9831408650778,180.82060464528828
23.0,39.0,108.1443885886366,181.08111449152855
23.0,40.0,107.7279206615543,180.0181947593528
23.0,41.0,108.77049315978569,180.63823397239287
23.0,42.0,108.51861605461546,180.73962605236497
23.0,43.0,108.12325077966727,180.8127722439149
23.0,44.0,107.82324294927233,181.09359932908643
23.0,45.0,108.86346060948168,181.70755009532
23.0,46.0,107.96675912953322,181.8017461293568
23.0,47.0,107.52664325565702,181.5506744455888
23.0,48.0,107.38348210797648,180.66815652168984
23.0,49.0,107.2788822005146,179.7037094050108
23.0,50.0,107.15504102656362,181.0073450404148
23.0,51.0,106.86247378687966,180.98526149889383
23.0,52.0,107.1364473587206,179.97674902478883
23.0,53.0,107.56834164427843,179.89328120867725
23.0,54.0,106.59720655246603,180.12209740163203
23.0,55.0,107.63869509467597,178.94995339958527
23.0,56.0,106.91855815582574,179.54389088476466
23.0,57.0,106.36093121419276,179.8259992769072
23.0,58.0,106.67559672012844,179.06029816431243
23.0,59.0,107.96259592608786,179.63546986180495
23.0,60.0,106.21847561196844,180.26221543621955
23.0,61.0,106.3816180297913,180.0564880999483
23.0,62.0,105.51863840259465,180.763407751107
23.0,63.0,107.1983938884549,181.39083772654288
23.0,64.0,108.67818793656473,181.46528241681756
23.0,65.0,108.11973726144149,181.6554874353256
23.0,66.0,108.3791290099685,181.3558147407574
24.0,176.0,104.68864538533596,181.61205963947236
24.0,177.0,102.35018381847404,179.57974172024268
24.0,178.0,102.56616600710392,178.0055647340614
24.0,179.0,101.29667342916346,179.0532416697969
24.0,180.0,102.48174278212105,179.28195476817416
24.0,181.0,101.13546450795928,179.1880179309099
24.0,182.0,101.2430755848063,179.2150467663033
24.0,183.0,101.20573417361943,178.82017887973635
24.0,184.0,101.18424759019612,179.865322284506
24.0,185.0,100.83483181517566,179.52309870395433
24.0,186.0,100.64312678881464,179.9426948639422
24.0,187.0,100.60178286384556,179.74024761243606
24.0,188.0,101.02319664667895,180.3850900818304
24.0,189.0,100.60563031804271,180.64272076733528
24.0,190.0,99.88189034235124,179.38600252959196
24.0,191.0,99.73018877302076,179.2901395764521
24.0,192.0,99.36165801820424,179.17874470026675
24.0,193.0,99.3551378796396,178.54064260549765
24.0,194.0,99.61126432971666,178.38044981959226
24.0,195.0,98.79128230112104,179.29180865167908
24.0,196.0,99.05605849977309,179.05903957333703
24.0,197.0,99.71860934086504,178.07108033328038
24.0,198.0,99.648801234642,177.9561357153516
24.0,199.0,99.11578283992088,178.36249272014572
25.0,0.0,76.8240633875482,67.34507043394834
25.0,1.0,76.51822242417558,66.80977781299241
25.0,2.0,76.46133146526383,66.86239132927493
25.0,3.0,75.94254393015268,66.762307065126
25.0,4.0,75.80960601497854,67.66341362525347
25.0,5.0,76.72588045176788,67.94378233777788
25.0,6.0,77.31402260346754,68.24819057337405
25.0,7.0,76.90755135576916,68.92026584404196
25.0,8.0,76.44185866220421,69.62555975650181
25.0,9.0,78.27902409611114,70.3351769927426
25.0,10.0,77.82949402279134,69.91756742106507
25.0,11.0,79.01668866525794,69.4994645253021
25.0,12.0,79.11331608864087,69.4975922258578
25.0,13.0,79.43289893904836,69.8685393555356
25.0,14.0,78.5214607246624,70.08184702249461
25.0,15.0,78.75534381376669,69.84961627350478
25.0,16.0,77.52218741820205,70.9297931097017
25.0,17.0,77.22313279906125,70.92300275448626
25.0,18.0,75.89658006211626,70.51772990301198
25.0,19.0,76.67564481746375,71.19027211661485
25.0,20.0,75.69305261176721,73.47601299833192
25.0,21.0,74.8973221302086,74.0674788416524
25.0,22.0,74.74202174252346,75.25310810670864
25.0,23.0,74.76774428945083,75.58098439031275
25.0,24.0,74.65762720085236,75.7260409702327
25.0,25.0,74.81948022322408,75.69217722034584
25.0,26.0,72.98446052238687,75.03004909001604
25.0,27.0,72.52196935640107,76.23745676072767
25.0,28.0,72.71602013304889,79.09421963339604
25.0,29.0,72.98988520200709,79.02482700690092
25.0,30.0,73.23811542174319,77.89624613466064
25.0,31.0,72.85058928364704,77.53030113514198
25.0,32.0,72.74888747260859,77.81961000681734
25.0,33.0,75.0530174204745,78.27837830679539
25.0,34.0,74.98628154916013,78.67634592211971
25.0,35.0,75.32244193449807,78.67650074975556
25.0,36.0,75.54660973745608,78.57393896774472
25.0,37.0,75.44538731737653,78.31314613380636
25.0,38.0,75.79667769696128,78.60354666316097
25.0,39.0,75.41371004812518,79.23202807138429
25.0,40.0,75.12780456182954,79.08199096508835
25.0,41.0,76.02634029839686,79.38169148073999
25.0,42.0,76.00736381719325,79.36393741836645
25.0,43.0,75.24074986990338,81.42655376667258
25.0,44.0,74.68234569458413,81.79534479693604
25.0,45.0,74.46360756844737,82.12630052694641
25.0,46.0,74.39146005659005,81.16239099988341
25.0,47.0,72.9544087142459,82.92280828609627
25.0,48.0,71.90293511577426,82.27372493174374
25.0,49.0,71.71169211323225,81.82980849472712
25.0,50.0,73.30473457097365,81.1122920619413
25.0,51.0,74.59586927614576,80.09119795929756
25.0,52.0,74.27295442872102,79.900622499526
25.0,53.0,74.34954768916568,79.41847791800646
25.0,54.0,75.2691108956633,78.92284557181289
25.0,55.0,76.52445194655813,78.89772932260749
25.0,56.0,76.840436953981,78.78411856357707
25.0,57.0,75.72452241246908,79.97629050406557
25.0,58.0,73.70905283437355,80.6067280283016
25.0,59.0,75.09705654656581,80.0004862341172
25.0,60.0,74.92731774573559,80.35065080728087
25.0,61.0,74.93420321605143,79.26289704869167
25.0,62.0,77.36454585153379,80.38126472723096
25.0,63.0,76.82778851579039,80.88589059487681
25.0,64.0,77.01667374350373,80.83324596331633
25.0,65.0,76.8607595159274,80.69097954875873
25.0,66.0,76.42226962724047,80.7542562742788
25.0,67.0,76.83916701350131,80.15725198813554
25.0,68.0,74.98836468910318,82.10367622843012
25.0,69.0,74.24722715932064,81.85785768221493
25.0,70.0,74.20667651925453,82.31858459311712
25.0,71.0,73.98233237804394,81.35409587488489
25.0,72.0,73.067670373839,82.54142756266752
25.0,73.0,73.43634969668385,82.87743459755224
25.0,74.0,72.27291535357361,82.64183761749456
25.0,75.0,72.80853411047065,83.73656966633122
25.0,76.0,73.49606738729645,84.03034882758942
25.0,77.0,73.9609748686979,84.80953342130748
25.0,78.0,73.31494192757783,84.74578730817458
25.0,79.0,73.30198866034063,84.17238558295483
25.0,80.0,73.03613328637516,84.63470654433613
25.0,81.0,72.94223027286101,84.67261770709257
25.0,82.0,73.21436961245622,83.94408770671603
25.0,83.0,71.91011099011035,84.40696517482134
25.0,84.0,74.50696985680679,84.14139849823184
25.0,85.0,72.98599125431548,83.50831783833608
25.0,86.0,73.2729816400573,81.07030326743416
25.0,87.0,72.13248698341916,80.17810520691764
25.0,88.0,72.65225901774917,79.9339597676859
25.0,89.0,70.91837837899608,81.80732640096019
25.0,90.0,71.60776896469416,82.48706711480726
25.0,91.0,70.70577891571783,82.16484910836706
25.0,92.0,71.69586373576753,84.17547704304782
25.0,93.0,69.22813124658826,83.76808821592384
25.0,94.0,68.3935397801062,82.29362367895163
25.0,95.0,70.40051269219191,83.55960715066654
25.0,96.0,71.51189416475219,83.97653105729458
25.0,97.0,71.55957897803206,82.77195167419201
25.0,98.0,70.30056679493053,83.64001385788812
25.0,99.0,69.48298898135798,83.02686832532609
25.0,100.0,70.86748517648293,81.38992591855845
25.0,101.0,70.41173109063442,81.78444675734119
25.0,102.0,70.13537944291944,81.14819144078486
25.0,103.0,69.01693705907671,80.36293082296969
25.0,104.0,69.5189834929794,80.85682409718376
25.0,105.0,70.04504058256293,80.87632079313704
25.0,106.0,70.84168117055067,80.86043994620411
25.0,107.0,70.3266141846185,81.63350101409073
25.0,108.0,67.85309305825918,81.68891615113489
25.0,109.0,69.01933424303397,80.79160014811976
25.0,110.0,68.11483000265706,80.6742681073123
25.0,111.0,67.5036916932981,81.49027089651244
25.0,112.0,66.93019289231842,82.75915707414873
25.0,113.0,66.5364412922829,84.31288077264036
25.0,114.0,65.93058897733076,82.2402019331941
25.0,115.0,65.67791386367686,82.24969022602527
25.0,116.0,64.18499357144276,81.35275196144254
25.0,117.0,65.73524577843305,82.22334608986108
25.0,118.0,66.3954746748623,82.32781851950831
25.0,119.0,65.18434121415292,83.04199130792654
25.0,120.0,64.83216984510493,81.92295876277664
25.0,121.0,63.968244194688126,82.1417323273259
25.0,122.0,63.973269315466354,82.92928020325755
26.0,133.0,64.65872615156216,83.3313038048153
26.0,134.0,64.76772231606284,82.52634155903046
26.0,135.0,65.65530829715601,80.93575418491551
26.0,136.0,66.77889296730058,80.01516606525823
26.0,137.0,65.96072097088093,79.06535614232335
26.0,138.0,66.95355486865265,79.01228532335344
26.0,139.0,66.6717688026314,79.78584255303812
26.0,140.0,65.78910625452508,80.56206546561887
26.0,141.0,64.88771478030418,81.27692341292129
26.0,142.0,66.26934252637453,81.34187117140512
26.0,143.0,66.58512491126669,80.69142326750826
26.0,144.0,66.90371694447171,80.63122613343276
26.0,145.0,66.72530963243948,81.09288369590082
26.0,146.0,67.28677382296796,79.70937075176668
26.0,147.0,66.75237251885237,78.7112962689911
26.0,148.0,67.9855125954659,79.13990051123795
26.0,149.0,69.61914015814958,80.25259077798592
26.0,150.0,69.83490649253635,81.17176888889942
26.0,151.0,70.68325303613904,80.04138459300731
26.0,152.0,70.13017178131616,79.24903345977114
26.0,153.0,68.09416079388019,77.82993267639259
26.0,154.0,69.39540321174418,77.99624758685465
26.0,155.0,70.17201887998655,78.18376999673815
26.0,156.0,70.8501822548364,77.79018235682318
26.0,157.0,71.57357271249093,77.4443148246552
26.0,158.0,72.18930475289498,77.43544604068579
26.0,159.0,72.5227297467799,78.06540893232084
26.0,160.0,73.36459212544125,78.20750249078986
26.0,161.0,74.33511436975691,77.46112585004481
26.0,162.0,74.8157125260526,75.11299450669362
26.0,163.0,75.05463359346855,74.84013236039111
26.0,164.0,75.85720269735344,75.08649977016275
26.0,165.0,75.66353089656906,75.65208292345223
26.0,166.0,76.59267146599217,74.98906517701258
26.0,167.0,76.29209697812922,75.84349084886284
26.0,168.0,75.494501289104,76.62299454067865
26.0,169.0,75.44676910008556,77.91085410424716
26.0,170.0,75.03969061332702,77.72978476159204
26.0,171.0,74.75384600915021,77.30968865014034
26.0,172.0,73.9798610206413,77.73246829811565
26.0,173.0,73.45852653989158,77.21782376483361
26.0,174.0,72.71948221637102,79.72136646622286
26.0,175.0,71.7725884562011,78.23561424871204
26.0,176.0,71.17229362869092,76.89722405120955
26.0,177.0,70.53638762039435,75.56826739085196
26.0,178.0,70.85805850481833,76.57354254573403
26.0,179.0,70.79726997907478,76.28958625362431
26.0,180.0,70.95042387671819,76.41277672350981
26.0,181.0,71.68774843469325,74.77773937158513
26.0,182.0,71.7222641593925,74.94373500654984
26.0,183.0,72.2219916628573,75.14130642900695
26.0,184.0,73.34674436245473,74.48052548465786
26.0,185.0,73.15990747490484,73.66767732330914
26.0,186.0,72.58160129503133,72.76444137568542
26.0,187.0,72.82921851216616,72.31535086746057
26.0,188.0,72.85699543915966,72.21699199944103
26.0,189.0,73.35184983501237,71.55071580754367
26.0,190.0,72.25302441766993,69.22408818277285
26.0,191.0,72.34737049525364,69.28764262387705
26.0,192.0,72.43181909905631,69.10058334865018
26.0,193.0,72.22143765968703,69.39713975703711
26.0,194.0,72.0773660694207,68.0976225259206
26.0,195.0,70.88304828094346,68.10322641675756
26.0,196.0,71.76503743346659,68.06440227417023
26.0,197.0,72.03861896772995,66.95051039103392
26.0,198.0,71.01792883868717,65.7012854652987
26.0,199.0,71.17722539376054,65.59815826653856
27.0,0.0,146.1343614313111,138.2003518805065
27.0,1.0,143.94614705000004,138.53800261652805
27.0,2.0,144.09028755241593,138.41342163312504
27.0,3.0,141.81132942565918,139.75092302064266
27.0,4.0,143.5576987988179,139.51519298263662
27.0,5.0,140.30661254143732,139.08653610291012
27.0,6.0,141.4285851960946,139.8131891316413
27.0,7.0,141.08738279954193,140.4873092774987
27.0,8.0,141.99700031548534,140.19545137525083
27.0,9.0,141.78994231424224,139.74453219848283
27.0,10.0,141.06005050429343,135.89209031629036
27.0,11.0,137.4835984590451,137.41892502812155
27.0,12.0,135.71773816158657,137.19750424370258
27.0,13.0,135.17962582173126,137.82115786418572
27.0,14.0,133.88784544998356,139.9412742940916
27.0,15.0,136.27954850007674,139.30838571882273
27.0,16.0,137.73098853189725,139.71562775932404
27.0,17.0,139.8544500659884,142.04544671431287
27.0,18.0,136.99420136282274,143.76433370174755
27.0,19.0,137.41158095924845,141.9343053705224
27.0,20.0,139.0835690152785,143.19627889846092
27.0,21.0,138.50301495874962,142.08570440849562
27.0,22.0,139.71868936020056,143.66300515674362
27.0,23.0,140.79743612679772,143.9135774607637
27.0,24.0,143.86995202763504,144.66626937260267
27.0,25.0,145.12984433066467,146.62036852332642
27.0,26.0,145.80289608816105,144.29173016753785
27.0,27.0,145.1356981030985,144.94992230742525
27.0,28.0,144.36961853512798,146.41719070169592
27.0,29.0,144.3784404410619,147.35808536027858
27.0,30.0,145.7996718108835,145.85345221775844
27.0,31.0,146.59371939190453,145.74826564998756
27.0,32.0,146.43949728278966,146.0775744817877
27.0,33.0,146.48120841904438,146.08600583107076
27.0,34.0,146.3416215103816,145.9782306745298
27.0,35.0,146.76366221001945,146.28930008331133
27.0,36.0,146.87124583483063,146.63106240239654
27.0,37.0,147.24234344304114,146.2810026516094
27.0,38.0,147.39851010269754,147.2227819102836
27.0,39.0,145.98934598802626,148.42427205231354
27.0,40.0,147.63140765116694,148.63600615416064
27.0,41.0,146.99658307466387,148.8212124074573
27.0,42.0,147.3849711806414,148.04241979331434
27.0,43.0,148.3559250293716,148.2092238749239
27.0,44.0,147.64487508789662,147.48692669715112
27.0,45.0,150.13593526909406,147.99060758627263
27.0,46.0,148.51530326398114,147.661312359668
27.0,47.0,150.1887794219342,148.11647434001276
27.0,48.0,151.4980721200773,147.066827125803
27.0,49.0,153.43999267553164,146.06158004962668
27.0,50.0,152.8966510289856,147.4473846356637
27.0,51.0,152.56210605351876,147.09977927399655
27.0,52.0,151.93922799473813,146.06943192672782
27.0,53.0,150.1106777534938,144.194988779149
27.0,54.0,150.40364675284684,142.6731583471252
27.0,55.0,152.81021794895264,143.6062915337244
27.0,56.0,153.99118667385167,142.7138700260493
27.0,57.0,155.05476170466392,141.71501898507282
27.0,58.0,153.8935571155356,143.238642072922
27.0,59.0,154.4446970289467,143.81045743837788
27.0,60.0,153.57473155240578,140.8095745445087
27.0,61.0,153.7962227039585,142.2330580745067
27.0,62.0,153.27639769865132,141.45787651555966
27.0,63.0,152.39021632792875,140.51754590386852
27.0,64.0,153.4069953705614,139.23282570127026
27.0,65.0,152.7542493712444,139.51232375400787
27.0,66.0,152.5740274143329,138.79883243457553
27.0,67.0,152.3063889546709,139.56119371629228
27.0,68.0,152.04715380710434,137.81102311526018
27.0,69.0,152.90689396433856,138.16543002645946
27.0,70.0,152.83163376336978,138.28644861576788
27.0,71.0,153.74479295701514,138.6334378533857
27.0,72.0,152.7471761727614,138.94063640021608
27.0,73.0,152.47801778104187,139.09007622524007
27.0,74.0,153.64466433567247,137.94397279739005
27.0,75.0,152.62567534118216,138.96552689781583
27.0,76.0,153.27913953860818,138.7588877124527
27.0,77.0,152.40062925329744,139.61872433424116
27.0,78.0,153.51321491466643,138.8393824664454
27.0,79.0,152.1640379262963,138.7997293400428
27.0,80.0,152.4907672093179,139.50903385243257
27.0,81.0,153.2596583072739,140.35312463813293
27.0,82.0,151.8949356476531,140.00339154595875
27.0,83.0,151.9312683650537,137.8484750956572
27.0,84.0,151.81854999269905,138.07196099785634
27.0,85.0,153.02580163304287,138.08266723683104
27.0,86.0,153.87680940372704,136.82848430202623
27.0,87.0,154.01894166858858,135.34091420848887
27.0,88.0,153.56664721596294,137.04741761480557
27.0,89.0,153.09035564521378,138.62102082409982
27.0,90.0,151.02910280875082,138.2674748830589
27.0,91.0,150.93284573716883,139.40781957381049
27.0,92.0,150.35705518024105,140.58282463779435
27.0,93.0,151.36346939490022,141.61775162217128
27.0,94.0,151.5685012439072,140.6777690407007
27.0,95.0,151.26619216333594,140.89762258434033
27.0,96.0,150.3400706139744,140.34602954485905
27.0,97.0,150.76710849382974,139.53653198089876
27.0,98.0,152.15079733916048,139.65580615841375
27.0,99.0,151.39241602804609,140.01491028588967
27.0,100.0,150.0436015580199,142.05218500588174
27.0,101.0,151.18227263694982,141.89784635027831
27.0,102.0,151.15841161940708,142.0464141314985
27.0,103.0,151.74055679384003,141.7696488295773
27.0,104.0,151.0810823178407,141.92595417323102
27.0,105.0,151.71682505433472,143.01613440320168
27.0,106.0,151.84661813210823,144.00122722534232
27.0,107.0,152.28203400033357,142.72849690426784
27.0,108.0,152.58524385124747,143.04893164267216
27.0,109.0,153.41292877051512,142.1373359812718
27.0,110.0,153.03183287000198,144.1267224437032
27.0,111.0,153.9038853028217,145.92955162577655
27.0,112.0,153.0519867250014,149.29844117856118
27.0,113.0,152.7562490214412,151.55185023095638
27.0,114.0,154.49200693565157,151.07967043808966
27.0,115.0,154.04911007928072,150.98315575916223
27.0,116.0,154.17275620192112,152.77173737900787
27.0,117.0,155.03789495079272,154.16862104751388
27.0,118.0,155.25167378211887,153.78634520384762
27.0,119.0,153.82422169197497,154.2979241943416
27.0,120.0,151.84054017281085,153.3171561077473
27.0,121.0,150.40550428590757,150.75510050797098
27.0,122.0,147.8925665387415,150.85552674184137
27.0,123.0,145.92772582741082,152.35055900279332
27.0,124.0,145.21229421012532,152.67737643461115
27.0,125.0,147.63742266318502,152.791820101449
27.0,126.0,148.97332401725075,153.00262770569637
27.0,127.0,151.08808635378242,153.59637402319868
27.0,128.0,151.3011050473419,153.68816402959206
27.0,129.0,151.64710022103534,153.83802257845136
27.0,130.0,152.66068067445437,153.77355819733586
27.0,131.0,152.75164696998752,150.72886339095285
27.0,132.0,150.37522708642274,149.52951964497038
27.0,133.0,150.87368269879903,149.22373062040356
27.0,134.0,151.09789824344318,149.59017317681142
27.0,135.0,152.72221513833344,150.39888383799396
27.0,136.0,150.89697742364996,150.46154544553858
27.0,137.0,151.27383021332778,150.14301064109577
27.0,138.0,151.54554881912105,151.58986431288488
27.0,139.0,152.12084109928207,152.30908035619134
27.0,140.0,152.24520257430066,152.60000571134077
27.0,141.0,150.93250600683638,152.60436101492755
27.0,142.0,151.38343624645552,153.22751587336728
27.0,143.0,151.6971836393071,155.38123951088116
27.0,144.0,151.68477390148269,154.2649604551508
27.0,145.0,152.13968790323008,154.76881731342317
27.0,146.0,153.26749103067485,153.98430331321595
27.0,147.0,152.9477254844096,152.40781398333326
27.0,148.0,153.81690911371226,153.6509507671703
27.0,149.0,152.71217225569035,153.51745138075268
27.0,150.0,153.14523892535274,152.42106046234449
27.0,151.0,152.63885376402982,152.91812235227422
27.0,152.0,150.78628121543673,150.88960927323342
27.0,153.0,152.2519381658813,152.6159277922793
27.0,154.0,152.17302149273775,149.86295206916546
27.0,155.0,154.1818685765661,149.75891061841784
27.0,156.0,154.00964366580448,149.93173193065732
27.0,157.0,153.64238299641102,150.9924695942566
27.0,158.0,155.40632123351185,151.24515895684945
27.0,159.0,154.72671865546496,151.20812568728053
27.0,160.0,153.60803080560038,151.27888059629717
27.0,161.0,153.53624695284958,150.33048796446394
27.0,162.0,154.83684934885386,149.26650671792308
27.0,163.0,155.16351834674458,150.07561494907304
27.0,164.0,157.60989004544157,151.6085731830515
27.0,165.0,158.4844216118149,153.42219746949814
27.0,166.0,158.75240401962324,154.31311147880473
27.0,167.0,158.6765940240456,151.9402390765199
27.0,168.0,161.4682594174699,151.49448571453908
27.0,169.0,163.8966055811211,148.5953193741639
27.0,170.0,161.62583587738598,150.21261648215133
27.0,171.0,161.64260522165677,149.96134643846116
27.0,172.0,161.63161981539886,150.03567005139712
27.0,173.0,160.8713848848754,150.1545177756425
27.0,174.0,161.50389280392474,149.7624406319785
27.0,175.0,162.83549094756543,149.85267094144874
27.0,176.0,163.50200960305054,149.02394580328976
27.0,177.0,162.91693754060782,149.78149331124985
27.0,178.0,163.2356813137958,149.49720571689167
27.0,179.0,162.7922605502746,148.96505347332624
27.0,180.0,162.8726922805629,148.86165480411435
27.0,181.0,162.32906582291113,148.2777959752194
27.0,182.0,162.77203378395265,147.60121611977115
27.0,183.0,162.9288012885266,147.3008091966517
27.0,184.0,162.82608131796903,144.97662397810316
27.0,185.0,161.91680524790831,145.87111676148055
27.0,186.0,163.30718165443722,145.18755095721008
27.0,187.0,164.39653137131174,145.87802128002158
27.0,188.0,164.74889634288326,146.8409719813202
27.0,189.0,164.66417539705563,146.59356270469038
27.0,190.0,163.90939610251488,145.95407970389698
27.0,191.0,164.43372902760024,143.79338628727712
27.0,192.0,162.8394699328783,143.02983810978787
27.0,193.0,165.1035610059513,143.38534528263403
27.0,194.0,164.8806426630796,143.24826533433878
27.0,195.0,161.45994607440838,142.5320893315139
27.0,196.0,163.08725983197175,141.32029436919376
27.0,197.0,162.9213807349231,141.88380773424197
27.0,198.0,162.04880901322042,141.66726038870493
27.0,199.0,162.4690312007422,142.9341115034647
28.0,0.0,99.75257143760346,179.59890526909692
28.0,1.0,99.27318686031305,179.48137639736296
28.0,2.0,100.4203719408104,179.8864019725142
28.0,3.0,100.40520227269778,180.0710992224887
28.0,4.0,99.805293053174,179.28450658057486
28.0,5.0,99.66771761178026,178.31246532119542
28.0,6.0,99.41326566234407,178.74122406034468
28.0,7.0,100.30128226737486,178.12642468037993
28.0,8.0,100.56606558001064,177.4784726115125
28.0,9.0,100.86484850097531,177.2163633733438
28.0,10.0,100.92696855058456,176.97752188627345
28.0,11.0,102.14526160014648,176.8783759341283
28.0,12.0,101.36307679003932,177.4891059307767
28.0,13.0,102.25671758667998,177.54232181062508
28.0,14.0,103.09043044241636,178.1008419390603
28.0,15.0,104.70580163226488,176.66226771786165
28.0,16.0,103.79776185401332,177.57687958370542
28.0,17.0,104.0810169142608,177.21522524784675
28.0,18.0,102.24262064888882,177.2315973551612
28.0,19.0,102.75496933958291,176.51380411327145
28.0,20.0,102.66088310147576,176.00040198797626
28.0,21.0,102.52780369446386,175.19059153327413
28.0,22.0,104.36256088651132,174.21270562573065
28.0,23.0,105.13636861232028,174.84893440124202
28.0,24.0,104.97165381887844,173.00973066921023
28.0,25.0,103.88307797716152,173.6730366970419
28.0,26.0,103.3415474953754,174.44490927944963
28.0,27.0,102.85785005404236,174.30153677925415
28.0,28.0,102.81954976917606,173.5148537451675
28.0,29.0,102.82189975706832,172.41913870725116
28.0,30.0,101.76913939442242,171.87262700278828
28.0,31.0,100.90557019590256,172.0915811026943
28.0,32.0,101.55468905845576,171.9945874256229
28.0,33.0,101.50661711923932,171.52879418136155
28.0,34.0,102.05420601209272,172.27835861249022
28.0,35.0,101.96756873288308,171.60654842072773
28.0,36.0,102.50773917866243,170.9018271401466
28.0,37.0,101.453316122402,169.7584500355723
28.0,38.0,100.83139087892836,169.8904441797759
28.0,39.0,100.05078804990896,169.5897486376277
28.0,40.0,101.0113731100034,169.72510279865426
28.0,41.0,101.741453466156,169.66892274326912
28.0,42.0,101.77698358264334,169.30665216921622
28.0,43.0,101.431908762567,169.40969281860754
28.0,44.0,105.01238844307406,169.02484535176896
28.0,45.0,103.70150662407087,167.98707732386617
28.0,46.0,102.41617915025267,169.34941332889713
28.0,47.0,103.84571695994656,168.4983253937528
28.0,48.0,103.97506475679734,169.19259936611482
28.0,49.0,103.692800938642,167.38054040839629
28.0,50.0,103.69631579640432,166.59319026978355
28.0,51.0,102.08793890301664,167.6529198238327
28.0,52.0,103.5279830589118,166.82542036543927
28.0,53.0,103.35794566897376,167.11187647669425
28.0,54.0,102.6054202254502,167.91115481477968
28.0,55.0,103.58377553212532,167.71286740392654
28.0,56.0,104.14637257225483,168.9337674518381
28.0,57.0,105.0295717341081,170.51663112498252
28.0,58.0,105.89910798102235,169.83548280013733
28.0,59.0,105.72575842537664,168.92836891889286
28.0,60.0,105.54754611832476,169.70342555277512
28.0,61.0,106.11012788840225,170.10592462118913
28.0,62.0,106.69910766392128,170.17985021379826
28.0,63.0,107.1111749324607,170.519647995044
28.0,64.0,108.28632634983836,171.0870815904634
28.0,65.0,107.54387218490436,172.30667176775324
28.0,66.0,107.7802575452008,172.54710212888534
28.0,67.0,108.42228651046936,172.2071255468647
28.0,68.0,108.35158034701328,171.89307128211206
28.0,69.0,107.45741993986576,169.77504122282622
28.0,70.0,105.94607681205264,167.61444865845206
28.0,71.0,105.05685490638646,169.50946953229973
28.0,72.0,105.80564570635616,167.92547418998743
28.0,73.0,107.80803698079932,166.24230529730943
28.0,74.0,106.65237442010282,166.80355054227098
28.0,75.0,107.9566863727272,166.91546588041516
28.0,76.0,107.59659528796426,166.99740366653526
28.0,77.0,109.9058220571009,167.82037260426904
28.0,78.0,109.33297288932349,169.08799201154486
28.0,79.0,108.25059614771716,168.65616205601145
28.0,80.0,108.54896336522935,167.90404060509596
28.0,81.0,107.28246593127918,167.91546968151468
28.0,82.0,107.93767413236012,168.1063412548085
28.0,83.0,107.4713900912819,167.16836581170026
28.0,84.0,108.41540266824914,167.76072569276627
28.0,85.0,107.8143461330215,165.72056409575012
28.0,86.0,109.5675300029722,164.597575373839
28.0,87.0,107.01092773824251,164.87356826999212
28.0,88.0,107.81954019316824,165.33886925165243
28.0,89.0,107.98794257012626,165.19452751520177
28.0,90.0,108.2341891733877,164.93146608093613
28.0,91.0,107.31521647234833,164.7636129552197
28.0,92.0,107.86730523135088,164.54531635077709
28.0,93.0,108.22741105006769,163.6253410969018
28.0,94.0,108.10889596166618,164.72995522332744
28.0,95.0,109.57313263840872,165.3423195571521
28.0,96.0,110.60218763266676,163.85351046323945
28.0,97.0,111.1152043379582,164.6739779633345
28.0,98.0,111.51808248130594,165.27528056300585
28.0,99.0,111.46874361494142,166.55802526944308
28.0,100.0,112.20354401419752,167.09550843551784
28.0,101.0,111.57620808912132,166.91060850011223
28.0,102.0,111.27848544590852,165.45198652031857
28.0,103.0,111.64030141334666,166.61212269826106
28.0,104.0,111.89709951028766,165.5377229952667
28.0,105.0,111.07225458807808,165.43193939588704
28.0,106.0,110.31370340598949,167.0790246930069
28.0,107.0,109.26963757342732,167.05380664082207
28.0,108.0,109.4818116791601,166.0196589048274
28.0,109.0,108.98760899136252,166.3587933252848
28.0,110.0,108.4263209745542,167.12197572665625
28.0,111.0,108.9714766405822,166.94699174483858
28.0,112.0,110.09229456414236,166.49190276928834
28.0,113.0,109.86632388436396,167.1911964974932
28.0,114.0,109.25645040129078,167.0569089756437
28.0,115.0,108.81560052744004,166.95077123755166
28.0,116.0,109.01848887135868,167.86798349866925
28.0,117.0,108.389733873813,168.05422282965193
28.0,118.0,109.0509364319667,168.14073571522047
28.0,119.0,109.19469132379056,168.53622710297984
28.0,120.0,108.86218862145267,168.22643064161085
28.0,121.0,108.56813314444548,167.9029752699026
28.0,122.0,108.38276192090956,168.36963665772524
28.0,123.0,108.04422296971676,168.17898213670134
28.0,124.0,108.9621389283712,167.88574859000505
28.0,125.0,108.88706559257425,167.7647612348174
28.0,126.0,109.66712871348668,167.60882628856965
28.0,127.0,109.42716208964774,166.52327143357965
28.0,128.0,110.81449468505916,166.42020866953558
28.0,129.0,109.86991882513412,165.38022355985544
28.0,130.0,110.03927906842252,164.60441673082946
28.0,131.0,109.49533298693972,164.93168265297888
28.0,132.0,110.52458913876464,164.48707651064268
28.0,133.0,110.8822457100616,165.6706062526235
28.0,134.0,110.68894976650498,166.41732516157887
28.0,135.0,110.5715923698572,166.72455821625073
28.0,136.0,110.52869086109328,167.281002508538
28.0,137.0,109.85396863078472,167.90086454212388
28.0,138.0,109.93594119104004,167.0823469998008
28.0,139.0,109.85327019915933,167.02184386880998
28.0,140.0,108.82751233081802,167.9261376819962
28.0,141.0,108.41113177347675,168.03474934061688
28.0,142.0,107.1043553615612,167.35930016842738
28.0,143.0,106.7734896425766,168.34639004820698
28.0,144.0,106.52552332473508,168.75686268391337
28.0,145.0,106.60532752293577,168.7108924520409
28.0,146.0,106.7377124440054,170.1085502967575
28.0,147.0,107.5115899108722,170.63815144673484
28.0,148.0,107.8007206089306,170.2001980432269
28.0,149.0,107.7827523900794,169.2245315205639
28.0,150.0,107.77901147127947,168.95199351145337
28.0,151.0,108.71467614686836,168.16982207437724
28.0,152.0,109.01078237055904,168.02227363576984
28.0,153.0,109.65337001517489,167.73271185781138
28.0,154.0,109.44837063056696,167.88788439354786
28.0,155.0,108.61876048062452,169.20534772614718
28.0,156.0,106.68357601183226,168.86046742343677
28.0,157.0,104.28027920742925,168.6359887394808
28.0,158.0,105.61845422731696,169.45509773579408
28.0,159.0,104.88914778698914,170.39461965316866
28.0,160.0,103.74090124370338,169.95266677598798
28.0,161.0,101.9384333756032,170.53693953966106
28.0,162.0,101.918684025594,171.41592820332775
28.0,163.0,102.17049254014502,170.9048723970178
28.0,164.0,102.71518192996226,171.82090989668535
28.0,165.0,101.8969261987002,172.03677201794522
28.0,166.0,102.2030365113933,171.56229125311995
28.0,167.0,101.21071436372262,170.6543021314771
28.0,168.0,99.41766036488876,168.63413607442394
28.0,169.0,95.49375102691984,166.77914603473218
28.0,170.0,96.46547447734248,166.23954754804683
28.0,171.0,95.88330961563165,165.57123651071603
28.0,172.0,96.1840547499258,165.41114074436692
28.0,173.0,97.04645543500774,167.02987420701825
28.0,174.0,98.31228968946058,166.95527070412814
28.0,175.0,99.12386076717414,168.2970666177827
28.0,176.0,99.46605341211598,168.81586990937703
28.0,177.0,99.34239982249666,169.14173881567618
28.0,178.0,100.86205250101212,170.4288589582657
28.0,179.0,100.10166681661592,169.79807157966522
28.0,180.0,99.14490008705206,170.2944825541355
28.0,181.0,98.18778563942227,169.39188403401633
28.0,182.0,96.96779832061092,169.53297499809872
28.0,183.0,96.48744828161595,169.00773945950337
28.0,184.0,96.99560915661895,168.4567195432527
28.0,185.0,98.7032274902376,168.69187332264238
28.0,186.0,97.50459612803012,169.01642978422916
28.0,187.0,95.97336879121148,169.29462300602094
28.0,188.0,96.62381640486764,168.16881775513602
28.0,189.0,96.449072444989,168.19175866532365
28.0,190.0,96.54356841947198,168.93880850502546
28.0,191.0,97.30897860852669,169.1679647020533
28.0,192.0,96.44003303793436,168.2548178505858
28.0,193.0,96.54937783601416,166.85848057479038
28.0,194.0,96.9583420262528,167.0896222166818
28.0,195.0,96.8571122878883,167.19380886145777
28.0,196.0,96.4983553576467,167.62394434522068
28.0,197.0,96.70975572063789,167.272523414661
28.0,198.0,97.30954094474544,167.3964022230431
28.0,199.0,96.8614414154008,168.01259317306076
29.0,4.0,190.7758939871596,127.51018208809346
29.0,5.0,190.01726470581767,129.1658632084944
29.0,6.0,190.49416725112889,128.50837771907868
29.0,7.0,188.48074717799187,128.7930954019232
29.0,8.0,188.6049064072168,128.33469480773144
29.0,9.0,189.2980015381069,128.27482397537204
29.0,10.0,189.09775844760705,129.16902956962235
29.0,11.0,189.95990186019725,129.75341888773912
29.0,12.0,190.72918300303368,130.8319650356905
29.0,13.0,190.3024531566635,129.51639597592396
29.0,14.0,190.8715600362336,128.15122496034903
29.0,15.0,190.767603444259,127.09361518145428
29.0,16.0,190.95856814291147,127.64468783150754
29.0,17.0,190.886795918331,127.59560695317832
29.0,18.0,190.24081428447997,129.0765070788544
29.0,19.0,189.0385204034617,127.97482996004136
29.0,20.0,189.4003740254149,130.35233899939885
29.0,21.0,187.60743049670683,130.61432077127117
29.0,22.0,188.2537726968284,130.09335142517125
29.0,23.0,188.53991330095596,130.73172419757165
29.0,24.0,187.75651951174152,131.03671152941476
29.0,25.0,187.25113226910776,130.46624765941127
29.0,26.0,187.427855753065,130.94314520534166
29.0,27.0,185.38348679079425,130.1237387405009
29.0,28.0,184.8852761976768,131.57414443343313
29.0,29.0,183.96527692803195,131.6415891714036
29.0,30.0,183.38841298237705,133.40550725516252
29.0,31.0,183.16716989937265,133.01435568707367
29.0,32.0,184.79456035763263,132.9318876708684
29.0,33.0,184.4156304571928,133.83328940395828
29.0,34.0,184.24086933451477,133.94574976543925
29.0,35.0,183.82721968341664,134.16577725390908
29.0,36.0,184.139731812617,134.5982786341524
29.0,37.0,183.7299413445908,136.018640253585
29.0,38.0,181.57387881142344,136.13005514100635
29.0,39.0,182.1963849000713,135.96397904631627
29.0,40.0,181.4765525925922,134.6867704682297
29.0,41.0,181.27269539586237,134.66011905708368
29.0,42.0,182.707510071711,134.8505255709817
29.0,43.0,185.04614409601157,134.446766494141
29.0,44.0,185.4233740980006,134.1910719324952
29.0,45.0,185.04272693472805,132.6839690901033
29.0,46.0,184.838521576004,132.25317744601517
29.0,47.0,184.89892543634824,133.52097206704644
29.0,48.0,185.8992029969096,134.32569962987108
29.0,49.0,185.87100960950437,133.10912669587762
29.0,50.0,186.11320885789416,132.82707718370102
29.0,51.0,186.4069357656352,131.80039742870906
29.0,52.0,186.54333978484124,132.0805402523587
29.0,53.0,187.4146000742328,131.5589234436379
29.0,54.0,186.62751509967703,132.17115386315757
29.0,55.0,187.55268613951773,132.3810264123727
29.0,56.0,187.7946568928042,131.33189009962814
29.0,57.0,188.7063413360404,131.1737288970841
29.0,58.0,187.6166501535065,131.58977624899438
29.0,59.0,186.7741555978764,132.4553268319167
29.0,60.0,187.19999222650785,134.07747440396503
29.0,61.0,186.9788947546202,135.2392941520839
29.0,62.0,185.7055886543086,134.16228833140835
29.0,63.0,185.8707059331243,134.2264849512698
29.0,64.0,187.04040423917368,135.42744178718695
29.0,65.0,186.9720888881213,134.93765020395142
29.0,66.0,188.36781483942144,135.62088607987587
29.0,67.0,187.55753207722347,135.01247191749977
29.0,68.0,186.14622128902425,135.5486964923983
29.0,69.0,186.59767322383476,134.6307375824074
29.0,70.0,186.3404793086275,134.61845563163308
29.0,71.0,185.99690404394792,134.16771085435667
29.0,72.0,185.2629872044067,134.28971777956832
29.0,73.0,184.09838949381907,134.22106033784203
29.0,74.0,185.33416557163923,133.26850148068115
29.0,75.0,185.1782954841439,133.0668877968168
29.0,76.0,183.94787988714003,133.73264711842245
29.0,77.0,183.88927069390584,133.7823084963339
29.0,78.0,183.41450381483884,134.55075557997762
29.0,79.0,182.53275164474036,135.78835054349327
29.0,80.0,181.9431306532904,136.02402583904532
29.0,81.0,180.29649433220817,135.9221944194066
29.0,82.0,180.35492729290397,138.2472541622977
29.0,83.0,181.78832598636956,137.93677572557053
29.0,84.0,180.15377846752872,139.22875749165314
29.0,85.0,181.10664406111104,138.52041331189247
29.0,86.0,180.68873047943623,138.2711333657723
29.0,87.0,180.2278933320902,138.97400942133717
29.0,88.0,179.79746278466442,139.36748741659062
29.0,89.0,179.19139269373915,138.52375221363644
29.0,90.0,179.8069912293327,137.65172994083704
29.0,91.0,179.7544257668379,138.40998591595076
29.0,92.0,178.4199186252178,137.66638105665257
29.0,93.0,176.66806318585486,139.58669877547786
29.0,94.0,177.3302499671825,138.13478744492238
29.0,95.0,178.04102263082945,138.19353285670618
29.0,96.0,178.0075483306743,138.18266637928306
29.0,97.0,178.12290476409785,140.51439692319488
29.0,98.0,178.9799967399161,142.5888113534941
29.0,99.0,178.52432649821029,143.10861219349778
29.0,100.0,177.03638789727896,143.33271607654606
29.0,101.0,177.49310470930934,143.73631033467728
29.0,102.0,178.54511258441016,143.08800122792354
29.0,103.0,178.58602190082934,142.4768103903379
29.0,104.0,177.37282466704602,143.36982833410417
29.0,105.0,178.09545304901985,143.31375995861532
29.0,106.0,179.58309668906207,141.92687523849057
29.0,107.0,179.98638497384377,141.71202305550943
29.0,108.0,178.97803420764066,141.91358700611937
29.0,109.0,179.77151042173105,142.35159988713295
29.0,110.0,179.56554721184014,142.61000634449246
29.0,111.0,178.75692412996813,143.6496721072781
29.0,112.0,176.74426976390978,142.52888572404947
29.0,113.0,176.28738414194453,142.8944027323707
29.0,114.0,176.91826334025217,142.01359727637512
29.0,115.0,176.2700435582354,142.4082935500416
29.0,116.0,176.7389300424339,143.0290283227998
29.0,117.0,176.45031293395112,141.06622594995272
29.0,118.0,177.62943325956175,141.41844745518134
29.0,119.0,179.17672010511347,141.7097554023308
29.0,120.0,177.63832670129656,140.69856677261683
29.0,121.0,179.0730906606779,141.32665004883074
29.0,122.0,178.7795960403555,141.2883039638616
29.0,123.0,178.4696977976431,141.38477131485158
29.0,124.0,177.9249087995177,142.2533698462352
29.0,125.0,178.34173924741808,141.7970870646055
29.0,126.0,178.78228539588724,141.1966420971585
29.0,127.0,178.6880509986645,141.81243202542902
29.0,128.0,178.58766002195176,140.60104843550093
29.0,129.0,177.99429496555243,141.2615395302693
29.0,130.0,178.1719262043257,141.93964868309712
29.0,131.0,178.39386540374858,142.6248163602589
29.0,132.0,178.58323058189112,143.3807963695621
29.0,133.0,179.22748343110132,143.587295134258
29.0,134.0,179.39479139889374,142.10316252608985
29.0,135.0,180.0898389241608,141.84265990300966
29.0,136.0,180.32865778780587,141.84772831516193
29.0,137.0,180.532281342533,140.93473022226627
29.0,138.0,180.3893972516395,142.0689315482928
29.0,139.0,180.0297163364397,142.44925585345226
29.0,140.0,180.1492456208943,143.29115983081516
29.0,141.0,179.65666362772112,142.96938572369328
29.0,142.0,179.71663540267676,142.25819700741351
29.0,143.0,178.68284773670416,142.7408455405848
29.0,144.0,180.1013587289134,144.02970334607303
29.0,145.0,179.4214265410237,142.98072035462172
29.0,146.0,177.8974388761493,141.72430822549163
29.0,147.0,178.32955405386517,140.8490996200253
29.0,148.0,179.28640466284682,140.79661585482188
29.0,149.0,179.20342040737745,141.07953126878178
29.0,150.0,178.59694792976046,142.08597839149402
29.0,151.0,178.80655143619904,141.8339887279638
29.0,152.0,178.4386228453016,141.97985474679874
29.0,153.0,178.68024714755975,142.2805184621411
29.0,154.0,179.04038876472947,142.12870274872276
29.0,155.0,180.34226330096408,142.72091571423297
29.0,156.0,181.0591779504133,141.7975960719437
29.0,157.0,181.65607177567807,141.55127053687582
29.0,158.0,182.58382371539295,141.17607885705343
29.0,159.0,183.1869871805075,140.9167800289877
29.0,160.0,183.45097402376055,140.59836268032657
29.0,161.0,182.90998215888453,139.41364988060914
29.0,162.0,182.99155826861625,140.0128424198263
29.0,163.0,182.3417909007717,140.7469355698342
29.0,164.0,181.85580263471817,140.48894602667824
29.0,165.0,183.188587411305,140.57258907097875
29.0,166.0,184.09907982368335,139.5570597043213
29.0,167.0,183.87861596167212,139.9535579215226
29.0,168.0,183.49798691911684,139.23253509197204
29.0,169.0,184.24345027696785,137.88325571416075
29.0,170.0,185.2119202456119,137.8031512849702
29.0,171.0,185.8005397771287,136.89227045702242
29.0,172.0,185.45086373074284,135.87844019152638
29.0,173.0,184.2508557811864,136.88673174178095
29.0,174.0,183.21870762524716,136.5596450405451
29.0,175.0,183.2096186513973,137.27078511260842
29.0,176.0,183.68597293740777,137.45214481709482
29.0,177.0,183.342983387664,137.26112826209035
29.0,178.0,183.9661259349176,136.92439532137138
29.0,179.0,183.44900584695145,137.03571003431765
29.0,180.0,182.0529648056332,137.22161736689142
29.0,181.0,181.8395005832674,137.35194190883757
29.0,182.0,181.4854125799094,136.1659223020998
29.0,183.0,181.2506223287628,136.0608027349093
29.0,184.0,179.64214072409536,135.97270168142776
29.0,185.0,178.27991009686875,134.46449409791106
29.0,186.0,178.1674381932066,134.96627101889482
29.0,187.0,177.24564431461843,136.0472019610717
29.0,188.0,176.47672181162957,135.78650198800594
29.0,189.0,177.03501215340347,137.85866149556833
29.0,190.0,177.0556379484247,137.61489931419538
29.0,191.0,176.0862160054922,139.7050787835904
29.0,192.0,176.13502185329568,140.7070597952242
29.0,193.0,177.29049275921696,141.273134788112
29.0,194.0,177.0854349696561,140.8425120352625
29.0,195.0,177.76289386450443,140.88319512951784
29.0,196.0,178.10953729642694,140.03454030957718
29.0,197.0,178.85556667319696,140.42895851444027
29.0,198.0,177.6193592061662,140.7094043734914
29.0,199.0,176.3070226913994,142.64124710782227
30.0,0.0,119.1880442316888,76.52129996116473
30.0,1.0,119.41969450508024,76.7672414178467
30.0,2.0,119.56301527584864,75.69358265241924
30.0,3.0,121.03782204041094,76.03492096232965
30.0,4.0,121.07086388970896,75.69981017018964
30.0,5.0,122.70278799487532,75.9196693191407
30.0,6.0,122.73109204783268,76.304157339942
30.0,7.0,123.7929713561362,76.28588457723616
30.0,8.0,123.14425067569856,76.20780319844704
30.0,9.0,123.4697108561362,75.31831874157174
30.0,10.0,123.31998955310948,75.92294355569678
30.0,11.0,123.62914120620728,74.9075418762538
30.0,12.0,124.46969453210885,75.79665090742061
30.0,13.0,125.08415242171031,76.90620923821302
30.0,14.0,124.96552832051496,77.28578247007314
30.0,15.0,126.09750207554865,77.00620470514473
30.0,16.0,126.47418000075967,77.221432873901
30.0,17.0,125.5580937485462,77.42185411218634
30.0,18.0,127.2913204063138,77.67354392392248
30.0,19.0,126.0183243626864,78.09662567933616
30.0,20.0,125.99489269028057,78.35610666603071
30.0,21.0,125.73341364715,78.76532752589546
30.0,22.0,125.19539350627512,78.70939773627919
30.0,23.0,124.44197880088149,80.708652225575
30.0,24.0,124.30927583660288,80.89535012849214
30.0,25.0,125.14155663664856,79.33303038329585
30.0,26.0,125.28468606219243,79.99575874092722
30.0,27.0,125.7155774327268,78.87515412823949
30.0,28.0,126.53680351533662,79.56068901390803
30.0,29.0,126.3927430247169,79.16065844136747
30.0,30.0,127.05293134584927,79.04826507900239
30.0,31.0,127.44610436286516,79.47331350037291
30.0,32.0,128.1918213841263,78.45163629620376
30.0,33.0,125.4426531154125,78.98643316069482
30.0,34.0,125.77364879763002,79.6229527313393
30.0,35.0,125.68455066387068,79.06513914667087
30.0,36.0,125.92844404216976,78.79755764579433
30.0,37.0,125.1351291685426,79.12749424737741
30.0,38.0,125.023033708577,80.22410549038845
30.0,39.0,125.98478865167692,79.74666999035044
30.0,40.0,125.411283014345,79.531528939621
30.0,41.0,125.90056416027636,80.1088585277021
30.0,42.0,126.10353569542764,80.01072562502588
30.0,43.0,126.50996646351165,80.40865172969497
30.0,44.0,126.66878399494452,79.68919852997615
30.0,45.0,126.49127672559976,80.98286690269106
30.0,46.0,127.17265629062037,79.16497313876204
30.0,47.0,125.44653571584584,78.83896211522216
30.0,48.0,124.89029659316192,80.2762861685547
30.0,49.0,125.5181214257929,79.46162152016699
30.0,50.0,125.54212336352852,80.27215218012755
30.0,51.0,126.00694399058747,79.5950657489525
30.0,52.0,125.55235902307484,78.63342609529612
30.0,53.0,124.68699409105412,78.02578943530372
30.0,54.0,123.38693824293534,78.66744626412057
30.0,55.0,124.10231538815232,78.16997066716672
30.0,56.0,125.48299541761396,78.76265262192949
30.0,57.0,125.6479298675119,78.06646248882886
30.0,58.0,125.81355199363918,78.17864684513397
30.0,59.0,125.73633886743524,77.89766012911963
30.0,60.0,123.98356506363154,78.10408907322436
30.0,61.0,123.26146494047192,78.7052500856957
30.0,62.0,123.53407119890524,79.16582743461522
30.0,63.0,123.21925086045944,79.00100099886195
30.0,64.0,122.46702292259066,78.22104743292223
30.0,65.0,121.81307633497568,78.94074018910256
30.0,66.0,121.59436811382656,78.9519077326281
30.0,67.0,122.06937137610598,78.86016913445503
30.0,68.0,120.75222431525545,79.37619816092723
30.0,69.0,119.97743610911994,80.13949655350277
30.0,70.0,119.54951987885032,79.71071477619581
30.0,71.0,121.13754880703232,79.67264300633829
30.0,72.0,120.39301857824942,78.86286236353608
30.0,73.0,120.64651581034734,77.8054960439293
30.0,74.0,119.64126044061932,77.34361750080902
30.0,75.0,118.92242653958736,77.53890169303347
30.0,76.0,118.49972515692411,75.40271389135498
30.0,77.0,119.47107865849036,75.25111313866952
30.0,78.0,120.41455431686602,75.1266820156964
30.0,79.0,117.99417262800192,73.72039714423089
30.0,80.0,117.69967236071854,75.56684275298959
30.0,81.0,117.29005634468524,76.35170102447265
30.0,82.0,116.7337725205316,76.6772068515367
30.0,83.0,117.46755736442996,79.19088769896086
30.0,84.0,116.92930038607687,79.18290544774052
30.0,85.0,116.00859822862306,79.64198770366733
30.0,86.0,115.95871263333837,79.7224156297538
30.0,87.0,116.57618569888704,79.47569263317587
30.0,88.0,115.89862851640508,80.09621853246435
30.0,89.0,116.09025973715369,79.43859317175934
30.0,90.0,116.8584998044186,81.50784277387528
30.0,91.0,116.41653165408516,81.64422820618397
30.0,92.0,116.83019214742164,77.77981383536985
30.0,93.0,117.38051714331036,77.58962885113958
30.0,94.0,118.03428812804034,77.8975623525449
30.0,95.0,117.2178290539328,77.05392435343228
30.0,96.0,116.72383002222588,77.48446963533414
30.0,97.0,117.08457603331912,80.06372944196649
30.0,98.0,118.14433633249514,78.3559900297762
30.0,99.0,115.97796485719324,79.66049541886203
30.0,100.0,114.41040586823108,81.68812952514773
30.0,101.0,113.78986386900648,81.60417432564445
30.0,102.0,114.04124242530654,81.42346644916242
30.0,103.0,115.03475267186184,80.68517043636396
30.0,104.0,114.58034623892216,81.32072864780879
30.0,105.0,114.25761938569298,80.89876719459647
30.0,106.0,114.05824525536138,81.26928797260913
30.0,107.0,114.10629699540831,80.34535528839506
30.0,108.0,113.6703068483609,79.23536052482686
30.0,109.0,112.87581613617908,77.76175706731559
30.0,110.0,113.08970793915222,76.91204976374857
30.0,111.0,113.02839189375123,76.56542550264828
30.0,112.0,113.6323492034435,77.14802007364295
30.0,113.0,113.28208326507873,77.82961312546098
30.0,114.0,113.25654777852574,76.47230442985874
30.0,115.0,113.19168999521332,75.71490472542705
30.0,116.0,111.990321138731,74.8660444672579
30.0,117.0,112.38851218084856,74.5995871732118
30.0,118.0,112.65812649844555,73.74142418495198
30.0,119.0,112.91933133933554,73.38600390968477
30.0,120.0,112.09856167144554,72.79000059204492
30.0,121.0,111.5449648858283,72.47681538703901
30.0,122.0,110.99078333007132,72.8776120737642
30.0,123.0,111.3093985796155,72.75298209607963
30.0,124.0,110.96124559778144,72.61121379803105
30.0,125.0,111.43382481824774,73.13811950863018
30.0,126.0,112.80087120853148,72.2541725889003
30.0,127.0,112.63037802299604,72.02706689515578
30.0,128.0,111.74310936844265,72.84229527889569
30.0,129.0,111.98362299709754,72.40363927385373
30.0,130.0,113.15836417350918,70.76158107721426
30.0,131.0,112.56844355763712,70.00631326444217
30.0,132.0,112.17488489657194,69.16104549057715
30.0,133.0,112.09612283603052,69.93849474363763
30.0,134.0,112.8597840731364,69.47537378451244
30.0,135.0,114.0333605668342,69.76898868454141
30.0,136.0,113.80159977939624,69.34368456830727
30.0,137.0,113.58601468600686,68.80602241702218
30.0,138.0,112.13627378664832,70.42434548265003
30.0,139.0,110.96349507913324,69.76567696419653
30.0,140.0,111.10551902733263,69.88857139186214
30.0,141.0,111.7082892874175,70.45393124094353
30.0,142.0,111.74614300538887,69.86500213863556
30.0,143.0,110.64136144689876,70.54201422791317
30.0,144.0,110.41982027440156,70.26173923178449
30.0,145.0,110.2146711219389,70.04289130205578
30.0,146.0,110.00133434425184,68.55416734219793
30.0,147.0,108.60412104679509,66.43851724645933
30.0,148.0,110.225770350384,64.82649323033796
30.0,149.0,110.35857092293428,64.22961684077964
30.0,150.0,110.58889919603848,63.71154507190715
30.0,151.0,109.4661616490728,64.50491939312157
30.0,152.0,108.69124567147306,65.19354919028898
30.0,153.0,107.50635785945482,66.69859132817089
30.0,154.0,107.82191498895784,65.84644127937207
30.0,155.0,107.94114663115798,65.96182808093084
30.0,156.0,105.89072358993714,66.92604326806105
30.0,157.0,107.16871679037456,66.21044071069736
30.0,158.0,106.39389693171944,67.41711273225914
30.0,159.0,105.62921298014392,65.31489375232519
30.0,160.0,106.56099597270016,64.81510026292572
30.0,161.0,106.47724648314716,65.59704053721502
30.0,162.0,105.44409335220404,64.23068240355946
30.0,163.0,105.44634927326422,62.96266434125252
30.0,164.0,105.76621939901014,64.0847551068584
30.0,165.0,105.29874892249404,64.62960155319243
30.0,166.0,104.67568252367384,64.51924171209005
30.0,167.0,104.73981698861084,64.84924622278879
30.0,168.0,104.0565107481376,65.19729928529198
30.0,169.0,104.07597254906236,64.76241757891867
30.0,170.0,105.0737150517452,64.51129860847172
30.0,171.0,105.20502580016974,65.62364499959932
30.0,172.0,105.1493549093364,67.805045594489
30.0,173.0,105.70649711795284,66.8826466419273
30.0,174.0,105.5749382547694,66.65019632561894
30.0,175.0,104.56941103055748,65.50493651132757
30.0,176.0,107.13560776510928,64.33044558013626
30.0,177.0,106.19466411422216,65.27231945737556
30.0,178.0,104.80566141269752,65.14459924618622
30.0,179.0,105.8282110896603,65.13410327669969
30.0,180.0,102.93737691342636,65.10945113359811
30.0,181.0,103.51038250954991,66.34777434796108
30.0,182.0,103.91298283924544,67.32899367041895
30.0,183.0,104.88807619696996,67.40164107178424
30.0,184.0,102.1796740496188,67.53256087078903
30.0,185.0,102.80067452870792,67.2491317899356
30.0,186.0,102.68642029213626,67.64917460960035
30.0,187.0,103.27954070084748,66.76136756434204
30.0,188.0,103.26197683713032,67.37032816628373
30.0,189.0,103.95913702439948,65.98344503420226
30.0,190.0,104.22160239724046,65.99372810679593
30.0,191.0,103.09601721738112,65.30671372102461
30.0,192.0,103.28198644971012,65.44715410540412
30.0,193.0,102.36289329074984,66.30161890806211
30.0,194.0,101.26147295487908,65.85151293029001
30.0,195.0,101.66995549658056,65.69361019554466
30.0,196.0,102.99760544980909,65.2402402655978
30.0,197.0,103.5469458705876,66.18425246643521
30.0,198.0,102.90280895219334,66.49004799316403
30.0,199.0,103.8254240525306,67.52523748238863
31.0,0.0,142.87447528688205,89.57986265376988
31.0,1.0,142.5282855678706,89.62592737774385
31.0,2.0,142.75210492963964,89.79080867066477
31.0,3.0,142.29682214163302,90.25830878501598
31.0,4.0,141.87990549585626,89.67999943975832
31.0,5.0,142.21147623416658,88.59705586212577
31.0,6.0,141.60782994196836,88.90456483543632
31.0,7.0,141.3658475794226,88.24973390079178
31.0,8.0,141.98224114322258,88.57853565693583
31.0,9.0,141.81740378638773,87.89451210369884
31.0,10.0,139.06029124190033,88.21897846045174
31.0,11.0,138.04127002204473,86.30294425312549
31.0,12.0,139.21109822831133,86.01021123272055
31.0,13.0,137.86005749496127,86.7893538991339
31.0,14.0,137.3073479395724,84.89461019214453
31.0,15.0,135.8376338338252,84.62877153685228
31.0,16.0,134.98147748431887,83.70589229636155
31.0,17.0,134.23348917655804,82.79506590155631
31.0,18.0,133.31393297697477,83.01594797592541
31.0,19.0,130.9113655038929,83.27534234382524
31.0,20.0,130.78947074171091,83.51789220868979
31.0,21.0,131.07223622372496,82.84366158241806
31.0,22.0,130.3946740834708,83.3737822739953
31.0,23.0,129.90573548944894,83.37729527854744
31.0,24.0,130.07597409590784,82.70859551536087
31.0,25.0,129.65162410760507,83.26686194157185
31.0,26.0,129.94285091131724,82.55997815499016
31.0,27.0,130.32878651329986,81.74742495142459
31.0,28.0,131.50268513156067,81.89513974758624
31.0,29.0,132.5913125031014,82.20736440956793
31.0,30.0,132.32526387459666,82.1438243306248
31.0,31.0,131.97826845073925,81.7618546310681
31.0,32.0,132.681268553769,82.41767129877371
31.0,33.0,132.62002402105193,82.33697430306442
31.0,34.0,133.54054004252166,82.2052960080756
31.0,35.0,133.14427904940356,81.86024695623317
31.0,36.0,132.63494209504765,81.53496652871067
31.0,37.0,133.2259998353306,81.20896002916513
31.0,38.0,132.13190751461727,81.3550348648743
31.0,39.0,132.44783643172116,80.79557182541741
31.0,40.0,131.9761651661275,81.47893248419429
31.0,41.0,131.97761774969587,81.06762274132528
31.0,42.0,130.97968777742918,80.7751947582798
31.0,43.0,130.41650860107305,80.67683746803941
31.0,44.0,130.72195444664408,82.57312294850104
31.0,45.0,130.57391662726053,82.15746623021104
31.0,46.0,129.6968127796696,81.5833042774715
31.0,47.0,130.0614377884074,82.15369438130367
31.0,48.0,129.4885993697159,81.89642403011143
31.0,49.0,129.18902451347583,82.6579826493108
31.0,50.0,129.04723381419566,83.14294856229
31.0,51.0,129.66163525231437,83.67628097710077
31.0,52.0,129.60528383848288,84.81023345143858
31.0,53.0,130.22034839684085,84.73768666740663
31.0,54.0,130.06294949166946,85.14735461020774
31.0,55.0,129.87701843694165,84.11418204864606
31.0,56.0,130.19800404236102,85.3589701409712
31.0,57.0,129.56114541301426,85.08429157996817
31.0,58.0,129.97569765631036,85.59906040821743
31.0,59.0,129.47930668220303,85.15723871912907
31.0,60.0,130.0614992619348,84.96883692483227
31.0,61.0,129.76078249192008,85.21250112856256
31.0,62.0,131.02272640894438,85.15843873813516
31.0,63.0,132.01901972488676,84.91986595129778
31.0,64.0,131.99767770505656,85.31226487668337
31.0,65.0,131.527479480398,84.29974043499011
31.0,66.0,131.6046654976344,84.45509912544443
31.0,67.0,132.438051725175,83.05031330410732
31.0,68.0,132.84106391072524,82.01332350861858
31.0,69.0,132.56543567945167,81.72697795909552
31.0,70.0,132.68935652738054,82.5323494513337
31.0,71.0,133.08682293006416,82.4421805258938
31.0,72.0,132.82029095127584,82.50207666169153
31.0,73.0,133.39807230704022,81.71971884561746
31.0,74.0,132.4179584411487,82.66773678989993
31.0,75.0,132.1120251305453,82.72521896902809
31.0,76.0,133.02934417841928,81.77944205415349
31.0,77.0,132.68651877948236,82.26428650587422
31.0,78.0,132.9938430119485,82.40408399239045
31.0,79.0,134.05950493356667,82.43037274850977
31.0,80.0,134.8837558131955,81.65151864262621
31.0,81.0,135.12272892433597,81.58165980404034
31.0,82.0,135.58757404769278,82.13177258585891
31.0,83.0,135.59839704756138,81.80108009208136
31.0,84.0,136.013805897965,83.18148064419066
31.0,85.0,135.28722071802463,82.74335376826646
31.0,86.0,135.42843321193746,83.5269405727721
31.0,87.0,135.73796024809468,83.0223560796567
31.0,88.0,136.71744226646004,81.91404222294796
31.0,89.0,137.21642338076146,81.90276189607437
31.0,90.0,137.66074035577478,82.4566925237701
31.0,91.0,139.0206350957755,83.68900418032179
31.0,92.0,138.58264081213773,82.75409380370779
31.0,93.0,138.45945569230284,81.2403993576963
31.0,94.0,138.00227017436328,82.13324025734612
31.0,95.0,139.03823452994553,82.34300725149367
31.0,96.0,140.5419392126113,83.11853680061586
31.0,97.0,145.0856326519322,81.81708326483911
31.0,98.0,142.80818637728905,81.11018804493034
31.0,99.0,141.28036755790762,82.03425435015609
31.0,100.0,138.6243618498443,81.31281699276236
31.0,101.0,136.652294964116,81.80524576711073
31.0,102.0,134.65089835676253,83.00490553537772
31.0,103.0,135.35077903233753,85.70370783159017
31.0,104.0,137.27543782527502,86.23886191466919
31.0,105.0,136.92044465552317,88.59836795612917
31.0,106.0,138.51586105647155,87.6121568507047
31.0,107.0,140.1716416096148,86.46364017966164
31.0,108.0,140.09231110477305,87.10452790363269
31.0,109.0,140.01088566273353,85.71375650133788
31.0,110.0,140.60546732431916,86.84395401398935
31.0,111.0,140.474485295531,87.24390692498591
31.0,112.0,140.88901889705448,87.94530996657315
31.0,113.0,141.15483308591118,87.78312679093729
31.0,114.0,141.81827165677817,88.6799295061318
31.0,115.0,141.90679412609143,87.53239937748889
31.0,116.0,142.50197307138328,87.9763124579346
31.0,117.0,141.6427155711822,87.99340530495543
31.0,118.0,142.33892742000847,88.00140276087764
31.0,119.0,143.32380491701625,88.20252179178516
31.0,120.0,143.70197528676863,88.40861398159643
31.0,121.0,143.5328441565487,88.88416584764343
31.0,122.0,143.042006547495,88.31550786611284
31.0,123.0,143.37818562902197,88.15516432310807
31.0,124.0,143.57379478351226,87.70271535006835
31.0,125.0,142.7739944828473,87.67162707187632
31.0,126.0,141.76371999832344,87.51975759698517
31.0,127.0,143.14843395111032,86.56715237524611
31.0,128.0,143.01896291577825,85.98852948330527
31.0,129.0,143.96227507010525,85.72882842266947
31.0,130.0,144.441701670836,84.51853284911547
31.0,131.0,143.55518336584674,84.73560393139917
31.0,132.0,142.97132511904906,85.32092398369475
31.0,133.0,144.13993261087873,85.1768710353954
31.0,134.0,143.30897572298153,85.31299021453731
31.0,135.0,142.64824971097016,84.05173754764178
31.0,136.0,143.6802788529366,83.80315702969405
31.0,137.0,144.6249437259129,83.83606712084662
31.0,138.0,145.11080883689365,84.68128538052822
31.0,139.0,144.25645728388537,84.60122843537935
31.0,140.0,145.55140124731608,82.01023069163986
31.0,141.0,145.12557841199424,80.81422645574517
31.0,142.0,144.85297176390895,81.48611029115203
31.0,143.0,144.97358479008597,81.71571210198063
31.0,144.0,145.93054000908484,81.30772616272601
31.0,145.0,145.9559289276747,81.46131021180719
31.0,146.0,146.03612288468167,81.84805249539633
31.0,147.0,145.58309810047143,82.45309823770515
31.0,148.0,144.87672267312536,81.61841032519465
31.0,149.0,144.374294515258,79.25806123041043
31.0,150.0,146.11412341518908,80.1746999058007
31.0,151.0,144.4588459214082,80.14899219967988
31.0,152.0,143.74877057431684,79.445328563613
31.0,153.0,145.26119267623665,80.32951585718696
31.0,154.0,145.45592105638204,80.1839160473943
31.0,155.0,146.22462344076368,80.06070955722245
31.0,156.0,145.7579063734065,79.37628284968771
31.0,157.0,145.18639513248658,79.29955142649537
31.0,158.0,145.2521887491515,79.58516916362859
31.0,159.0,144.38716611144386,79.21105856131418
31.0,160.0,143.69541552844117,78.28537851696288
31.0,161.0,142.4048480597297,78.34262142178778
31.0,162.0,141.78878292828432,79.12629197242627
31.0,163.0,142.7373319189465,78.93769924988197
31.0,164.0,142.16029446291054,78.55205808379873
31.0,165.0,142.68208231140122,79.02362252922273
31.0,166.0,143.27663638310796,79.45189928169374
31.0,167.0,143.67722480964798,78.64478046232354
31.0,168.0,143.1859690669178,79.1914691905272
31.0,169.0,142.947590181074,78.85980014218397
31.0,170.0,141.71664010612628,78.99345483859845
31.0,171.0,140.51107938929397,78.27270222106301
31.0,172.0,142.51997092658007,78.59238539653514
31.0,173.0,143.3002363723086,78.51204998743874
31.0,174.0,144.46587656792394,78.3239356460539
31.0,175.0,145.0282702385137,79.43835762714421
31.0,176.0,144.56593029017938,78.73008210092354
31.0,177.0,144.89678788856887,78.15302384542895
31.0,178.0,144.4689703040036,78.23261477202264
31.0,179.0,144.56143682103993,77.81629333569224
31.0,180.0,144.24112293567478,77.63838186152377
31.0,181.0,144.2411032243173,78.31449061705197
31.0,182.0,144.24449753153152,78.91987533879629
31.0,183.0,143.635479193414,78.89548711155895
31.0,184.0,144.51375801291803,78.75005596232411
31.0,185.0,144.83342274300523,78.22553290150057
31.0,186.0,145.5457267363237,77.15608143100296
31.0,187.0,145.86752468808768,77.92885026743488
31.0,188.0,145.73575533650208,76.75202680293084
31.0,189.0,146.3195203716201,76.26175246043213
31.0,190.0,145.59561259647637,75.8022572894061
31.0,191.0,145.52303471513835,76.93909625504992
31.0,192.0,145.7466074788621,77.1460880831438
31.0,193.0,145.9501299824563,77.62493009369648
31.0,194.0,146.92794840889755,78.15213946659688
31.0,195.0,145.2490089985698,77.03138796820201
31.0,196.0,145.2233372868615,77.19823692922691
31.0,197.0,145.71355575531453,77.41413613076041
31.0,198.0,145.0932074817875,77.13495339230155
31.0,199.0,145.35214753424137,77.09950031598747
32.0,70.0,119.35794905966164,53.97447715692018
32.0,71.0,118.6905369778238,59.13902517781976
32.0,72.0,118.62875938047112,61.13113908761519
32.0,73.0,117.84409055319668,61.30064714430883
32.0,74.0,117.50140575289652,61.66116949827489
32.0,75.0,117.86002526100886,61.9779098575221
32.0,76.0,118.81540622135316,61.49599736498415
32.0,77.0,118.73886987695258,61.67588431281854
32.0,78.0,117.8176301687782,60.23921109421998
32.0,79.0,117.50061043545068,61.303173871064594
32.0,80.0,117.38218352915725,60.50623541991915
32.0,81.0,117.15562971079495,60.04287724320127
32.0,82.0,117.47227345148347,61.108785066128654
32.0,83.0,118.15937874693608,61.452689795785474
32.0,84.0,117.52262352167736,61.89137683435256
32.0,85.0,117.945919069821,62.50120362657212
32.0,86.0,115.53188518519347,61.89613613692034
32.0,87.0,116.4123338720949,62.277078641407
32.0,88.0,115.8055854097772,61.25898267677685
32.0,89.0,116.28028754057128,61.7040754279009
32.0,90.0,115.4117751780018,61.58210457293751
32.0,91.0,115.48807183474035,61.70021496289166
32.0,92.0,115.76749690633304,62.88797159543143
32.0,93.0,116.23479851190775,62.14951644311421
32.0,94.0,116.5619920492626,62.33143045329391
32.0,95.0,115.29050649549156,60.91400202864134
32.0,96.0,115.20958441639776,59.16865606156329
32.0,97.0,115.37529888508186,59.44278763043376
32.0,98.0,115.0513849260298,59.61766873448172
32.0,99.0,115.20495475648582,60.21114463040698
32.0,100.0,116.37825198186508,60.887595797697344
32.0,101.0,116.19816072235514,59.08808659171336
32.0,102.0,115.47287423788433,59.95689442604056
32.0,103.0,116.05283627058176,59.284960365070326
32.0,104.0,116.33001007446126,59.53364232103014
32.0,105.0,116.3841657146576,58.95278631325636
32.0,106.0,115.66675570986828,59.67583058349607
32.0,107.0,115.34868471856876,60.29524315620847
32.0,108.0,115.16357226206637,61.36732835190168
32.0,109.0,114.81067015873892,61.33690672233232
32.0,110.0,113.1090036650317,61.335097829502864
32.0,111.0,114.58016985133692,61.70701848461488
32.0,112.0,114.7195388809088,61.671864455122
32.0,113.0,114.41112484736036,62.0506100831214
32.0,114.0,113.65382543817242,61.93849750878677
32.0,115.0,114.049160623611,62.45858768577629
32.0,116.0,114.0620844352164,61.22034681647514
32.0,117.0,115.55696086628753,61.29832727633668
32.0,118.0,116.00907418680696,61.346859840997816
32.0,119.0,115.8856840357901,61.8374541093344
32.0,120.0,116.95312232713334,62.625090763860506
32.0,121.0,117.96797525358416,62.79248491615332
32.0,122.0,117.9207775592844,62.401961395086815
32.0,123.0,117.22977796887906,62.63339870970745
32.0,124.0,117.98777245395628,62.55977686465389
32.0,125.0,118.40428865010368,63.55159923151006
32.0,126.0,118.84379741720724,62.808676777583074
32.0,127.0,117.85350381566224,62.69063493520156
32.0,128.0,116.60891892791548,62.53839026888273
32.0,129.0,116.79829529835229,62.29748881990623
32.0,130.0,115.316119321113,61.71840356163051
32.0,131.0,113.55937962592354,61.83477112080397
32.0,132.0,113.25167768561576,61.55145617210045
32.0,133.0,113.07262851357356,60.92748884320376
32.0,134.0,112.60466245229294,61.99188181999292
32.0,135.0,113.8280203818824,61.96493675055208
32.0,136.0,113.88953229165192,61.11084395373009
32.0,137.0,113.04308304181272,61.66229274203042
32.0,138.0,113.25256349779607,61.25097183145664
32.0,139.0,112.8756723309567,60.39405449959569
32.0,140.0,113.04872431576948,59.60770253486068
32.0,141.0,112.95284156345988,60.31116993348569
32.0,142.0,113.28421682988082,58.5884864138573
32.0,143.0,113.72046202157532,58.677032060066566
32.0,144.0,112.89256270503442,58.21114330947027
32.0,145.0,113.61522983865788,58.4280682665154
32.0,146.0,113.00568878455746,57.48837063314319
32.0,147.0,112.31539310158132,58.60218561513687
32.0,148.0,112.34952531244043,58.2801912782765
32.0,149.0,111.98737545494971,58.08911563857215
32.0,150.0,110.73821770119798,58.07689808507016
32.0,151.0,112.06413183935372,58.59859157917137
32.0,152.0,111.73866434177224,58.20373175779221
32.0,153.0,112.88965947116084,57.5219249915641
32.0,154.0,113.7580513094233,57.59017897414059
32.0,155.0,113.48474127314024,58.0171880132088
32.0,156.0,114.31618508702924,58.555620473390405
32.0,157.0,114.71574022913865,58.12722411679912
32.0,158.0,114.20483502289402,57.69985720292106
32.0,159.0,114.3342919136306,58.87801522146409
32.0,160.0,114.28043072533734,57.51296090339522
32.0,161.0,114.95184640084156,57.82200946121963
32.0,162.0,113.32650560705684,59.18778536880637
32.0,163.0,113.21891532261112,58.83851194057084
32.0,164.0,112.40982202828576,58.23975793608419
32.0,165.0,111.048249739552,58.20461819836768
32.0,166.0,112.01376639780992,57.28385116398688
32.0,167.0,112.5454665610667,56.68303242360488
32.0,168.0,111.90302268910408,56.61492707167251
32.0,169.0,111.21944884555506,55.13302334133842
32.0,170.0,109.82180167745538,54.89850611722422
32.0,171.0,111.02057743355093,54.42883556417531
32.0,172.0,109.96003968772806,54.254822315204784
32.0,173.0,110.40453580447708,54.60454378979035
33.0,0.0,81.60134541506164,71.3629974019382
33.0,1.0,81.24112721063021,69.9422330498463
33.0,2.0,76.90761269013579,68.56553480669251
33.0,3.0,76.87336328740109,69.05679579093311
33.0,4.0,77.48776897932912,68.83464946034711
33.0,5.0,78.01501855324814,68.28827713685598
33.0,6.0,76.99212749590372,68.05460772001928
33.0,7.0,77.05681760231651,67.04198481683352
33.0,8.0,78.54929351611827,65.27011641133684
33.0,9.0,76.1684047744666,67.51740090243337
33.0,10.0,78.2623982439049,69.14314800940554
33.0,11.0,78.22298159247647,66.26055745924492
33.0,12.0,78.20372518310467,65.83050624171534
33.0,13.0,78.75125129001248,65.04235205704313
33.0,14.0,80.69278716905218,64.91326342592663
33.0,15.0,81.18138386245171,64.53683768993889
33.0,16.0,83.28804167837515,64.16681140221765
33.0,17.0,85.43039099963426,63.50761399225583
33.0,18.0,85.84677177706986,63.33538525924571
33.0,19.0,86.07198338100109,64.01693819037888
33.0,20.0,86.4068943854149,64.78283084060766
33.0,21.0,86.10564641314082,61.6969459300174
33.0,22.0,85.46061663080573,64.00948862289263
33.0,23.0,82.2701346743025,63.38175790895056
33.0,24.0,81.62423911383274,62.871277348011205
33.0,25.0,82.3712462748223,62.367019653324064
33.0,26.0,80.38569688927078,63.4633858570492
33.0,27.0,80.5861982462531,63.66850466792954
33.0,28.0,81.31926753155953,63.01480447218038
33.0,29.0,81.49686719531964,60.95964926110212
33.0,30.0,81.33769459872953,62.516037200879325
33.0,31.0,80.85544395676294,63.82763032773807
33.0,32.0,79.74474064972563,62.56679499031873
33.0,33.0,79.44133573724277,62.17826735249982
33.0,34.0,79.2752453092904,61.876982429702856
33.0,35.0,77.95067372122536,62.28516638866776
33.0,36.0,77.89635316626071,62.70724903431199
33.0,37.0,77.73871433597617,63.22611177040285
33.0,38.0,77.7838730191925,64.3225513134577
33.0,39.0,77.90004406394547,64.9667099779559
33.0,40.0,78.05147049722162,64.81675789527146
33.0,41.0,77.46465778888063,64.99923934301069
33.0,42.0,78.16208823281465,65.8877444521501
33.0,43.0,78.5520063045935,66.9620215941764
33.0,44.0,76.22709532196397,67.43371831038398
33.0,45.0,76.14337413640601,67.97826361069305
33.0,46.0,76.74070237184998,66.952805950371
33.0,47.0,75.49406639602215,67.48191053730127
33.0,48.0,75.22072011065931,67.0607281131415
33.0,49.0,75.14140459276817,65.89552397981014
33.0,50.0,74.3521419863775,66.85483809424244
33.0,51.0,74.2815346441058,65.71989090128702
33.0,52.0,73.94701750432458,64.97896340056352
33.0,53.0,74.18507751323402,64.90223379872931
33.0,54.0,74.05125830200451,64.23415308592033
33.0,55.0,74.7977991335249,63.591754766476825
33.0,56.0,74.79972465983344,64.42582138937021
33.0,57.0,74.26704204296341,64.39769871952961
33.0,58.0,74.075693482833,64.12780897704633
33.0,59.0,73.81426186112229,63.75852615217754
33.0,60.0,73.9775144591718,63.58765810480875
33.0,61.0,74.31712313483038,63.240744102505815
33.0,62.0,73.81631208577863,63.35102158736849
33.0,63.0,73.71140858131572,63.84292725744247
33.0,64.0,74.13409407655173,63.87480691937461
33.0,65.0,74.13393550415107,63.73026164874779
33.0,66.0,73.87909745601685,63.842808932124136
33.0,67.0,73.86993035940398,63.98332526276935
33.0,68.0,73.28805943618116,63.7683283217992
33.0,69.0,73.1967936258745,63.76636058728105
33.0,70.0,72.93263308840278,63.63772880658156
33.0,71.0,73.527652068034,64.12956752101081
33.0,72.0,73.41654840492457,64.55315526142662
33.0,73.0,72.81249555547822,63.41470918809205
33.0,74.0,73.52930236955152,62.963265921305485
33.0,75.0,73.2342562849428,62.4237972197607
33.0,76.0,73.49394423634872,63.09736772287176
33.0,77.0,74.00298924232722,62.5545617338536
33.0,78.0,74.17541808227357,63.280314393694304
33.0,79.0,73.95261111700523,63.208051734951454
33.0,80.0,74.93607587011182,63.05256792639711
33.0,81.0,74.0309382588356,64.55183092972315
33.0,82.0,75.12991550740045,64.65860598135554
33.0,83.0,75.61353274019882,64.91252270110056
33.0,84.0,74.80033333615783,65.17067173312111
33.0,85.0,75.45915125154049,65.57509647142881
33.0,86.0,75.5193877664611,64.7397334347363
33.0,87.0,74.55027158719929,64.60547607072309
33.0,88.0,74.68263840021471,65.7078933060127
33.0,89.0,73.06530603501064,65.76622581989075
33.0,90.0,73.05173179053982,64.60817810367949
33.0,91.0,73.2846566015211,64.04001992414955
33.0,92.0,72.00314177771033,62.65270823046051
33.0,93.0,72.6433256117592,62.43720108386344
33.0,94.0,70.93476918626295,63.46987805085076
33.0,95.0,70.0696844847565,62.61445919687509
33.0,96.0,71.33767769258462,63.73837219822455
33.0,97.0,71.43076409138904,63.91160249523477
33.0,98.0,71.37701770895666,65.07167465594533
33.0,99.0,69.99252326053367,64.66737121271251
33.0,100.0,68.1086260369503,64.21204835977986
33.0,101.0,67.57970919089813,68.3076384771427
33.0,102.0,69.8459460101649,67.08427251129861
33.0,103.0,70.05875100591369,67.90944778522633
33.0,104.0,71.43385351456179,67.94735877854602
33.0,105.0,70.21456501297487,67.66610327353487
33.0,106.0,70.40413729840567,66.76576365661576
33.0,107.0,69.66019853163012,66.67775742281692
33.0,108.0,69.12664895119136,66.72706819858232
33.0,109.0,69.25257411349969,66.8879411352989
33.0,110.0,69.48963540767902,67.97233446786483
33.0,111.0,71.93765958149973,69.28098743650189
33.0,112.0,70.39155262077504,71.8904595689989
33.0,113.0,70.0492657536731,72.34890493115185
33.0,114.0,68.78640836199699,73.37762736545368
33.0,115.0,68.3617082800304,73.83591477740298
33.0,116.0,68.49991304991961,73.67778376943409
33.0,117.0,68.51536462088885,73.42035856219171
33.0,118.0,68.43369121307104,73.85880452304791
33.0,119.0,69.4704024938868,74.00707195679504
33.0,120.0,70.2025692953592,75.05028322436567
33.0,121.0,70.30212505524372,74.76152035351703
33.0,122.0,70.22051938978338,74.300850841801
33.0,123.0,69.48650619085332,74.44593361521731
33.0,124.0,69.83835479394831,74.24270429457815
33.0,125.0,69.83313089100889,74.19804746062671
33.0,126.0,70.1669509417172,74.12682157253731
33.0,127.0,70.36652355570232,73.96563047673855
33.0,128.0,69.9512173586157,74.44147736423854
33.0,129.0,72.13732943939341,74.73851595950153
33.0,130.0,74.698017022487,78.0166623216572
33.0,131.0,74.15006464855912,76.91244318947622
33.0,132.0,73.11929643173795,77.04935466934191
33.0,133.0,70.48082787679706,75.98053513357684
33.0,134.0,71.40458069766727,73.98128030726805
33.0,135.0,70.11712515135048,75.76288412884588
33.0,136.0,70.02126882310222,76.18440888970343
33.0,137.0,70.41457714301835,75.43654212362217
33.0,138.0,70.45402895535094,75.36746950225479
33.0,139.0,69.99548542317729,75.98421533342785
33.0,140.0,70.19833416868804,76.19712246874043
33.0,141.0,70.45853557994823,76.24373037197782
33.0,142.0,70.90142518777132,76.12222562849296
33.0,143.0,70.98949455545025,77.04613823598326
33.0,144.0,71.1819959191011,76.76459725980517
33.0,145.0,70.80706270147651,76.51391876703438
33.0,146.0,69.90000571008633,77.9110013081729
33.0,147.0,70.14801354373142,77.77436847299964
33.0,148.0,71.24937076790012,77.74620907584327
33.0,149.0,72.09312879351712,77.94785079223075
33.0,150.0,70.84058871306695,78.27463699024848
33.0,151.0,71.71445695587084,78.1822374924401
33.0,152.0,72.82263183340456,79.3048534058647
33.0,153.0,72.21101425950175,80.11590133465101
33.0,154.0,72.19715630502726,81.18616553574299
33.0,155.0,71.7336209253769,82.11659794794068
33.0,156.0,70.36317296563507,82.28974452192524
33.0,157.0,69.98760979208254,82.10633667830253
33.0,158.0,69.37260665596718,82.66450107922043
33.0,159.0,69.65316514526376,82.54542978976289
33.0,160.0,70.49580282969747,81.93283737278156
33.0,161.0,69.4909939728654,82.31082718475069
33.0,162.0,69.15638429693142,83.07133574654645
33.0,163.0,68.94001428018845,83.72438666407189
33.0,164.0,69.05996953524567,83.19772355591785
33.0,165.0,67.05388739276736,85.32645605543912
33.0,166.0,66.07870633281382,83.982657760698
33.0,167.0,66.49345606778273,84.85026098393458
33.0,168.0,66.69184619075347,83.61968934228334
33.0,169.0,67.82460550831325,84.92030215438295
33.0,170.0,66.86428667109189,87.42937740926729
33.0,171.0,64.40454294236753,87.83754099592154
33.0,172.0,67.22015812587789,87.15485797130744
33.0,173.0,66.34869445676306,89.37199046990008
33.0,174.0,65.91143305932871,88.69082443955396
33.0,175.0,65.56006944845201,88.3943838540631
33.0,176.0,66.78240820221667,87.2189056611368
33.0,177.0,67.17029780721374,87.97350676868679
33.0,178.0,66.15814201680803,87.66903687258922
33.0,179.0,65.84982968148093,88.24680655775464
33.0,180.0,65.13543115161949,87.53207225481093
33.0,181.0,64.16542612838305,87.26054306217853
33.0,182.0,64.7387517377998,86.91734246156555
33.0,183.0,65.77224790816634,87.59018992346957
33.0,184.0,65.37076811877876,88.33103233788732
33.0,185.0,64.99012170519558,88.26044658921623
33.0,186.0,63.53006638484676,87.13460503179364
34.0,0.0,184.5467801927519,103.22081913986948
34.0,1.0,184.94245745198648,104.81135118149588
34.0,2.0,187.84092792053124,104.26779569178788
34.0,3.0,186.1289250757188,103.9507530645389
34.0,4.0,185.7579554105569,102.6348075215965
34.0,5.0,185.1731074907054,102.330095960508
34.0,6.0,184.18793878101732,100.26956402011405
34.0,7.0,184.68651780015207,99.0850075685763
34.0,8.0,184.6288945584204,99.54851172106125
34.0,9.0,185.07267665952267,99.55236107388627
34.0,10.0,185.38043416838025,99.0271997178338
34.0,11.0,184.20484175954635,98.41758804804388
34.0,12.0,184.71190239897624,97.8800974180459
34.0,13.0,183.03172565546475,97.88993216081002
34.0,14.0,182.7039691930232,99.07003001513192
34.0,15.0,182.8400225333361,98.80743318498553
34.0,16.0,183.7628363644438,98.96635236992296
34.0,17.0,181.62631058270512,96.27386264250804
34.0,18.0,181.4416260527056,95.4311935777786
34.0,19.0,181.43182211927171,97.5192736946546
34.0,20.0,182.3307744931153,97.02008278378136
34.0,21.0,182.4329130499429,97.388896647258
34.0,22.0,183.02239870434295,97.2449807992772
34.0,23.0,181.2459584450215,96.76609721510272
34.0,24.0,181.33545304023195,96.59179023359188
34.0,25.0,181.63738379858972,95.49572460293048
34.0,26.0,180.4005154590377,95.28090090159644
34.0,27.0,180.94864971139455,95.70914782250917
34.0,28.0,181.14165424425477,94.8965615669809
34.0,29.0,181.40536191412383,95.36388311190346
34.0,30.0,181.12479980483144,96.05642609055238
34.0,31.0,180.14623091551212,95.52610143321417
34.0,32.0,179.5769129983728,94.85440295656436
34.0,33.0,181.41251090756245,95.60278588641046
34.0,34.0,181.0551557865049,94.9098955957394
34.0,35.0,181.6903339044135,95.24249164973968
34.0,36.0,183.1896097474404,94.90721583696592
34.0,37.0,184.3286015051445,94.04390994401145
34.0,38.0,184.36814823102588,93.79644758539892
34.0,39.0,184.52916278505447,94.61768616254642
34.0,40.0,184.56688708750983,94.2957549766566
34.0,41.0,184.86121034185263,94.1767202989379
34.0,42.0,185.7295552548723,94.9354313559036
34.0,43.0,185.75917630435336,95.31909521780454
34.0,44.0,185.82582879804937,95.61856108094965
34.0,45.0,186.6851270401482,95.37328552547244
34.0,46.0,186.44145798165025,95.1611889361925
34.0,47.0,187.3350798749017,95.90887731222462
34.0,48.0,187.18660330769052,95.88961970741973
34.0,49.0,186.27994525074465,96.94397771525898
34.0,50.0,184.51882342723647,96.80179784956395
34.0,51.0,183.40867734474077,96.11871356574288
34.0,52.0,184.8348199988572,96.4984164935267
34.0,53.0,183.2805061272423,96.52769035062606
34.0,54.0,183.27700152125053,95.17672193200004
34.0,55.0,184.43908110911863,94.11944066498542
34.0,56.0,183.52151055618447,93.87617971432095
34.0,57.0,183.71092865466525,94.35505917935284
34.0,58.0,183.9012772470192,93.78167321980176
34.0,59.0,184.9645688473851,92.90493651998892
34.0,60.0,185.45957851449305,93.17565242216808
34.0,61.0,185.2637976392159,93.21355390484506
34.0,62.0,186.61455542889345,93.9968272914149
34.0,63.0,186.4039507618533,93.43666210681651
34.0,64.0,187.5426966808956,92.9414819191164
34.0,65.0,186.87613295961108,92.42742974389884
34.0,66.0,186.89625655430152,92.16944969738886
34.0,67.0,186.55703708723664,91.57777350518076
34.0,68.0,187.57486003341504,91.8214861921792
34.0,69.0,188.7207820392481,92.44387673703577
34.0,70.0,186.9840618176553,92.22602053288746
34.0,71.0,186.9174657346981,92.11198526914023
34.0,72.0,185.898656199629,92.18080096614294
34.0,73.0,185.70561431456392,92.82258104033974
34.0,74.0,185.81891656723565,91.54398071540147
34.0,75.0,183.3727443669389,93.78240156408822
34.0,76.0,184.59949857221648,91.77648780596436
34.0,77.0,182.53845616686675,90.63717367494928
34.0,78.0,181.7181511397787,90.65251163799049
34.0,79.0,182.53412480873288,91.64854182363987
34.0,80.0,182.93911613830852,92.67422096730012
34.0,81.0,181.8426903486153,91.11233719527364
34.0,82.0,182.3805623534984,90.78380255571756
34.0,83.0,182.6122146905703,90.16339639131358
34.0,84.0,182.94545771536147,90.23056749439442
34.0,85.0,182.67876488989015,91.50644827425968
34.0,86.0,182.30865652005684,91.98208674012604
34.0,87.0,180.659364083935,91.67391091255152
34.0,88.0,180.38923403674116,90.98792224694918
34.0,89.0,180.38408215784693,91.08409733011533
34.0,90.0,179.9103168399198,91.99137899810586
34.0,91.0,179.4274022940761,91.56648051649844
34.0,92.0,179.83692717984397,92.20841190189896
34.0,93.0,180.9454778428388,91.24237855771152
34.0,94.0,180.3209289547856,91.2101801680118
34.0,95.0,180.71222899704583,91.68834441275284
34.0,96.0,181.74164175920123,89.70378552105537
34.0,97.0,181.73913122738617,90.1037411781854
34.0,98.0,181.5714160507636,89.79961154596033
34.0,99.0,180.57630973629944,90.50401001955088
34.0,100.0,181.11650013454457,90.51731981966316
34.0,101.0,180.56567356484703,91.0187971996574
34.0,102.0,181.30841441692337,91.30803119999572
34.0,103.0,180.28509121872293,91.9577877551879
34.0,104.0,179.0713136364362,92.15967863303408
34.0,105.0,178.95282241134814,91.74481130137332
34.0,106.0,179.5217353525116,91.78354950838632
34.0,107.0,177.97854172310116,91.79296522412436
34.0,108.0,177.4648804638643,92.22284637409152
34.0,109.0,177.75483755020306,92.12062089109575
34.0,110.0,177.3024055897387,92.89982282110428
34.0,111.0,177.78343674466598,93.47643502520204
34.0,112.0,177.936475381495,93.13675760493057
34.0,113.0,176.93835906334593,92.42367413912856
34.0,114.0,176.38893720206303,92.52703385433546
34.0,115.0,174.85656857036278,91.73731319997454
34.0,116.0,174.79346361284777,92.15561573444369
34.0,117.0,175.3011375770941,92.79539537798864
34.0,118.0,174.74144617953698,92.927527541461
34.0,119.0,174.22753828340595,92.70442348370368
34.0,120.0,173.91292942948664,93.15461893754
34.0,121.0,175.58431692240737,93.65943175453437
34.0,122.0,174.53830956545343,94.15105035965269
34.0,123.0,175.99550473111557,93.47014086071675
34.0,124.0,175.6227571587623,92.30210646546854
34.0,125.0,174.354036031332,92.25933506605722
34.0,126.0,176.37541272159075,91.70357739518148
34.0,127.0,176.50119651165713,92.8071641385176
34.0,128.0,177.58290618358083,92.09719940892222
34.0,129.0,176.6285057404886,92.99623046020838
34.0,130.0,177.55508500641116,91.74395327199794
34.0,131.0,176.91377534474134,91.28595776770388
34.0,132.0,178.21417364147064,88.32121345006712
34.0,133.0,177.38143854770516,89.49093508821828
34.0,134.0,178.1105760933046,89.48080753691556
34.0,135.0,179.076713514516,89.10669411523557
34.0,136.0,180.85574394766385,87.70483185889132
34.0,137.0,181.17264706725024,87.90149482178526
34.0,138.0,182.3510353962298,89.3255424647703
34.0,139.0,182.5595156717185,91.81270240374307
34.0,140.0,181.5695012621592,88.54985671687825
34.0,141.0,181.8589758288277,88.03658725110958
34.0,142.0,181.68660224082976,86.74920534936805
34.0,143.0,180.092941887327,85.44445384708236
34.0,144.0,179.06307609993365,84.2485833232099
34.0,145.0,180.47025562317356,82.09950374267704
34.0,146.0,183.88285995215327,83.9541256435021
34.0,147.0,189.2779524883125,83.87465986466832
34.0,148.0,187.93633474745968,83.70840813172649
34.0,149.0,186.7442151004969,83.62144420209722
34.0,150.0,186.2908436970314,84.29038723472505
34.0,151.0,187.38905152435836,83.29490621453012
34.0,152.0,187.61428901270844,83.586970238164
34.0,153.0,187.1991364397163,83.94894201198517
34.0,154.0,188.0939009300382,84.20161436891462
34.0,155.0,187.22217534508565,82.35269935349929
34.0,156.0,187.3216545370559,81.00424655976745
34.0,157.0,187.73687845757937,80.09138220780845
34.0,158.0,185.8239466224587,79.05974373282793
34.0,159.0,186.829618269126,78.28155369130994
34.0,160.0,186.8831530021692,82.12699334928591
34.0,161.0,187.1355322660615,81.75736236043518
34.0,162.0,186.77983824203312,81.32885440368038
34.0,163.0,188.1238346285728,81.1558747120724
34.0,164.0,187.73140576716847,81.18727495019338
34.0,165.0,187.47990514882096,80.26619918316472
34.0,166.0,186.54472579416415,80.23493313534767
34.0,167.0,186.77387449659776,79.9005889989107
34.0,168.0,186.9797755947537,81.32109933121954
34.0,169.0,186.8433984633332,81.65703131347894
34.0,170.0,187.1781488499074,81.56743837286133
34.0,171.0,187.24934044596665,82.29431112972904
34.0,172.0,188.1015873039835,81.79041840456074
34.0,173.0,188.13911381471107,81.48608262494535
34.0,174.0,187.7794713430164,80.90846140024351
34.0,175.0,187.54267111398804,81.18141202959049
34.0,176.0,187.7388672886942,80.57395954962222
34.0,177.0,187.37757048886243,80.81500768508126
34.0,178.0,188.13718771238743,81.98976286294463
34.0,179.0,187.31416955520112,80.85801861195786
34.0,180.0,187.37831796121216,79.36302406362246
34.0,181.0,188.45735175491404,80.08850608945187
34.0,182.0,188.53059883608884,80.99635409399643
34.0,183.0,187.6214155200232,81.53000982046896
34.0,184.0,189.33606458838648,81.00957559241104
34.0,185.0,189.6790777306702,79.02741417365154
34.0,186.0,190.47133813794676,78.11104058042226
34.0,187.0,189.92849930367467,77.61705329431695
34.0,188.0,189.776272931493,78.00441871314877
34.0,189.0,189.1963024515616,77.82507040270418
34.0,190.0,189.25672598576,77.62834801220903
34.0,191.0,188.9000171980233,77.62215450990965
34.0,192.0,188.8318519084989,76.73343599022454
34.0,193.0,187.3675900603552,76.32501347861594
34.0,194.0,186.6026147853348,75.7123469913441
34.0,195.0,186.3627668155412,76.17573697216945
34.0,196.0,185.3472361868768,76.24304286251923
34.0,197.0,186.866220140381,76.73692761996324
34.0,198.0,187.60323763758123,76.76737099450833
34.0,199.0,187.46062016307707,76.90584947086889
35.0,0.0,87.06363805857201,156.5854560524648
35.0,1.0,87.82600495302749,156.49611321908586
35.0,2.0,88.67027417737576,155.99813176280512
35.0,3.0,88.33950004844976,155.42166182606957
35.0,4.0,89.14537491784213,158.54715840268494
35.0,5.0,86.86119270909737,157.03697025801213
35.0,6.0,86.13926556538024,157.77967558003112
35.0,7.0,86.56863625626742,156.75608678723475
35.0,8.0,86.88797966914329,157.1712835330844
35.0,9.0,88.1892558942935,156.94932804709458
35.0,10.0,87.91919006705965,155.93372862865417
35.0,11.0,88.46549490844718,155.8873076528771
35.0,12.0,89.8736979107843,157.00228275757257
35.0,13.0,89.51199653514021,157.30509228212352
35.0,14.0,89.26783674116955,158.34818558199737
35.0,15.0,88.34704909485944,159.17464896171427
35.0,16.0,88.45101374607486,159.26026282766102
35.0,17.0,88.60926063408016,159.82532822020744
35.0,18.0,87.95874665761397,160.2422595369192
35.0,19.0,87.21656484432857,159.99657069771752
35.0,20.0,88.1433595768326,160.06569340690993
35.0,21.0,88.34250616177428,159.6603377553082
35.0,22.0,87.46148233786235,159.6007167348096
35.0,23.0,87.49220950087691,159.9540443935649
35.0,24.0,87.56428779071885,160.76259665471096
35.0,25.0,87.22409982248708,161.25004577045746
35.0,26.0,86.73739032375933,159.49960006499236
35.0,27.0,86.02696629854454,159.87801270308282
35.0,28.0,84.54048760277865,160.31154789763474
35.0,29.0,86.22168015982511,159.0626262748336
35.0,30.0,86.42577138315748,158.45889535911394
35.0,31.0,86.4682803814739,157.93762339858762
35.0,32.0,86.34270655536714,158.62797321596068
35.0,33.0,86.89624321446024,157.73153854671256
35.0,34.0,85.79575445240822,156.55484085565945
35.0,35.0,84.55832527139064,154.69471796816617
35.0,36.0,85.16861217398514,154.56607439236342
35.0,37.0,85.5229433838419,155.0690373096723
35.0,38.0,86.49805457944417,155.2897769567258
35.0,39.0,86.53776827557326,154.4254199747667
35.0,40.0,85.82366035743024,156.83061352862896
35.0,41.0,86.06167394772919,157.45494534915915
35.0,42.0,85.33755466873909,155.45654810158263
35.0,43.0,84.49675487622919,155.6129191829561
35.0,44.0,86.56379745699545,157.60765661115448
35.0,45.0,86.63404477363407,155.93302498212574
35.0,46.0,86.33495953328475,157.4303747846762
35.0,47.0,86.47048108943157,156.81404169095208
35.0,48.0,87.14882338497456,157.73161187159974
35.0,49.0,86.88046740234083,157.42964570796448
35.0,50.0,88.0672658792985,157.97579877880017
35.0,51.0,89.19886620914126,158.41037898138964
35.0,52.0,87.81336483522593,158.5437520400889
35.0,53.0,88.04049748402296,158.15331994252864
35.0,54.0,87.50249027833793,157.51717289140038
35.0,55.0,88.97955141962458,158.95917583846298
35.0,56.0,88.60351402206715,159.4231785188878
35.0,57.0,87.77192964950257,160.25152099597935
35.0,58.0,87.14550528091829,159.36069763498355
35.0,59.0,87.27446282178997,160.13165829368666
35.0,60.0,87.08526569373288,160.56477444582418
35.0,61.0,87.25568918614202,160.0392087947462
35.0,62.0,86.50568429981367,158.79925882626833
35.0,63.0,85.47793233320267,159.10962754154895
35.0,64.0,84.27543042961237,157.13511579008826
35.0,65.0,86.89012315260771,157.703357131102
35.0,66.0,87.10629531718857,155.35524210034163
35.0,67.0,88.29339843922357,156.212550600091
35.0,68.0,89.26299184611003,156.16278840173317
35.0,69.0,89.67684427775347,155.30575716562163
35.0,70.0,88.84510711177627,155.36672223765245
35.0,71.0,88.1242101267676,154.9790835759969
35.0,72.0,86.25341164767856,155.2822501130769
35.0,73.0,86.25694458099129,155.54216791889888
35.0,74.0,87.49973482050127,157.9216226171697
35.0,75.0,88.38652888134682,156.98937247021158
35.0,76.0,90.217855465151,158.0298915902987
35.0,77.0,91.02953339762723,157.21608877339995
35.0,78.0,94.72588522232842,157.64326626023964
35.0,79.0,93.66509334702016,156.10857426277275
35.0,80.0,94.16322491443572,157.60957478994487
35.0,81.0,93.4722519937986,158.80780327917344
35.0,82.0,92.86704431085997,158.96540302947488
35.0,83.0,92.77876264807286,157.3819010044138
35.0,84.0,93.65215777518834,157.8558969183901
35.0,85.0,94.0191267182032,155.9531582033447
35.0,86.0,92.5872026069703,155.51638484985264
35.0,87.0,92.56032037283876,155.25225754426629
35.0,88.0,92.05925907385912,154.57375324796058
35.0,89.0,91.71893068604956,155.18420627532063
35.0,90.0,92.72988130777522,155.01239343684645
35.0,91.0,92.72760710957608,155.05010979493994
35.0,92.0,92.55159683593853,155.50748772641194
35.0,93.0,93.08419880866236,155.0779946983256
35.0,94.0,93.27309909817238,154.3462024156225
35.0,95.0,92.87338146139892,154.26774206045334
35.0,96.0,91.3348722247256,153.87638385901843
35.0,97.0,92.0917436417216,153.5071980358965
35.0,98.0,91.7405186560815,151.82800243673034
35.0,99.0,92.2911669407187,153.78340529189472
35.0,100.0,91.95285136297268,152.34655587322652
35.0,101.0,93.78326338719565,152.67623394175146
35.0,102.0,92.44905947239327,152.45274542952072
35.0,103.0,93.33497842625222,152.01240015390405
35.0,104.0,92.78537078301986,151.94413160794082
35.0,105.0,91.59556232981166,151.84451769712794
35.0,106.0,92.29734552198236,150.58589687893698
35.0,107.0,91.67247555602364,149.47235631924994
35.0,108.0,90.994122682828,149.7136701464507
35.0,109.0,90.97147055329444,147.74849240509357
35.0,110.0,92.24288452713613,148.05657422494136
35.0,111.0,91.08992294132229,148.70712657794775
35.0,112.0,90.97526273659354,148.43054126526374
35.0,113.0,91.54727641099582,148.81437342984825
35.0,114.0,90.2538749399092,149.23119294013412
35.0,115.0,88.9426585095483,148.88823102202704
35.0,116.0,89.6149308789676,147.09162142144478
35.0,117.0,87.07045991790545,146.06011867538814
35.0,118.0,85.70349748574198,146.4331641592264
35.0,119.0,86.54367687428811,145.05889406054786
35.0,120.0,87.18136658295248,144.99983481774453
35.0,121.0,87.17093844954111,145.8997977401891
35.0,122.0,86.80846571665967,146.44245212142587
35.0,123.0,88.09865961477404,145.7030852193188
35.0,124.0,86.55825900793596,146.31433879631794
35.0,125.0,86.95594451212409,144.7193578802633
35.0,126.0,87.97713071708253,143.88220373003242
35.0,127.0,88.45629046210875,144.31734855518226
35.0,128.0,87.8075329079452,144.30105739669142
35.0,129.0,87.44208669310915,142.77515462190698
35.0,130.0,86.33909973404258,143.7655065888282
35.0,131.0,85.77900394335238,144.27434361971788
35.0,132.0,84.38509480314788,142.8222623665455
35.0,133.0,85.56537604959772,141.8349941103508
35.0,134.0,84.9537507036671,141.8131137451069
35.0,135.0,84.6072186500499,141.55167400433558
35.0,136.0,83.1040793914847,141.33563480646902
35.0,137.0,82.01426470699765,142.27922209222993
35.0,138.0,82.68019380704578,142.51280858332404
35.0,139.0,84.2229705178232,141.1640134816201
35.0,140.0,83.04797302528634,142.67013061898487
35.0,141.0,83.8429650366705,141.1232053549348
35.0,142.0,82.34849475750124,141.57738381527062
35.0,143.0,82.41905795469818,142.4756032976506
35.0,144.0,81.47932041726945,143.00625920850518
35.0,145.0,80.67586862366393,142.6877820752346
35.0,146.0,80.17998507012813,143.08372715502142
35.0,147.0,79.42410618212963,143.3558363878621
35.0,148.0,78.21643546627281,143.53565797809654
35.0,149.0,78.81790647193128,143.50603943078053
35.0,150.0,80.5602482494434,141.94770170269425
35.0,151.0,80.42918357950725,141.61013257966405
35.0,152.0,81.9888181207521,141.01787715178162
35.0,153.0,83.18463268725412,142.74575212765075
35.0,154.0,82.90589174531952,143.4008274828486
35.0,155.0,84.96397981868957,145.5022416395148
35.0,156.0,82.45880016114299,148.42606476504545
35.0,157.0,85.4439496326563,150.81129424699168
35.0,158.0,85.13891823328358,149.5258941357376
35.0,159.0,85.85370393686277,149.14580628057783
35.0,160.0,83.0478308486636,147.9307574243261
35.0,161.0,82.2483036522645,147.8618120209774
35.0,162.0,82.06315484810268,148.08266124120925
35.0,163.0,81.62939786993411,149.217910997666
35.0,164.0,82.42898257961795,148.3817177353085
35.0,165.0,82.04095550134362,148.6135195025147
35.0,166.0,81.85452241120791,149.39458459639357
35.0,167.0,82.85494078417196,148.29032430240437
35.0,168.0,82.57375172390931,149.48782746522951
35.0,169.0,82.644106756716,149.31856910734382
35.0,170.0,81.0502430831372,148.64174593902507
35.0,171.0,78.85964942387135,149.3174613075091
35.0,172.0,77.5584305401077,149.83826608275731
35.0,173.0,78.39740845335166,147.79211345390516
35.0,174.0,79.47589502751869,148.74944753406822
35.0,175.0,77.43379538088787,148.24794940333186
35.0,176.0,75.67543965533666,147.16566271306863
35.0,177.0,74.78635216381045,148.44837537383552
35.0,178.0,73.4604464678264,148.0103037432381
35.0,179.0,73.33843139780318,148.86424481696758
35.0,180.0,72.33965345903603,147.28115770173702
35.0,181.0,70.2885626618272,149.04387958160962
35.0,182.0,71.5845414440408,146.43660066021238
35.0,183.0,70.25006504186673,146.6501285927766
35.0,184.0,70.02568901234221,146.21756110302604
35.0,185.0,67.4458018056564,145.77885687442983
35.0,186.0,68.28027381895927,144.91473167027095
35.0,187.0,67.4388049069368,145.55812584860516
35.0,188.0,67.90842333798672,143.9046909154195
35.0,189.0,67.00054674834414,144.14517792570638
35.0,190.0,67.23532370390697,144.64674565945097
35.0,191.0,67.25008082950805,144.0950394313032
35.0,192.0,67.73859425488169,144.11158574987684
35.0,193.0,67.57670358962658,143.91076458723896
35.0,194.0,67.37991818086793,143.48660412223535
35.0,195.0,67.10098244597638,143.11517440288424
35.0,196.0,66.75074668943063,143.5090235997125
35.0,197.0,65.48353356176374,141.63309326002835
35.0,198.0,66.7504846855528,141.71473963828896
35.0,199.0,67.46598714989388,142.58491658231975
36.0,0.0,100.23681721270778,95.87103762103676
36.0,1.0,97.25741363948536,94.34368177724288
36.0,2.0,97.71433676339704,95.86869479666032
36.0,3.0,95.83107789793084,100.0761952233052
36.0,4.0,92.92856449934672,100.28046251971884
36.0,5.0,92.4535279251648,98.14077288630736
36.0,6.0,91.85968855922934,97.41367245807211
36.0,7.0,93.81364192270726,96.68683253891544
36.0,8.0,93.69963149344726,95.88549662418916
36.0,9.0,93.75454315005987,96.80180212149524
36.0,10.0,94.62810598337538,96.71826919448289
36.0,11.0,95.12179942544888,97.84827233010702
36.0,12.0,96.77354206250584,98.24014686211588
36.0,13.0,96.8677516181378,98.99860188062706
36.0,14.0,97.34923112095072,98.9947772184771
36.0,15.0,95.24723456756443,97.76884727031629
36.0,16.0,95.89950825734569,98.74467422493736
36.0,17.0,95.39248887264095,98.59732659570702
36.0,18.0,93.5367504749447,99.3464624792399
36.0,19.0,92.59511684508378,99.04585114964948
36.0,20.0,90.42968273642548,98.3300231369275
36.0,21.0,89.54272747469558,98.77878368562752
36.0,22.0,87.45825011778908,98.29157206857256
36.0,23.0,88.24123476944423,97.01737045500712
36.0,24.0,88.63932068663587,98.39641999760384
36.0,25.0,89.1210264565636,97.59987813373064
36.0,26.0,88.61070672520698,98.5995480799633
36.0,27.0,87.58576450889879,96.90015642542087
36.0,28.0,87.53293897033811,95.52370276373873
36.0,29.0,87.95778992511158,95.03190080256454
36.0,30.0,88.13130847211892,93.9558779269786
36.0,31.0,88.76641251100651,94.26597824754106
36.0,32.0,90.23991975421872,94.42177412007602
36.0,33.0,90.15371880757247,94.10452157211586
36.0,34.0,89.37255574054663,93.28305740416285
36.0,35.0,88.49649468146039,93.23242269164352
36.0,36.0,87.97674506280295,93.43084936256558
36.0,37.0,88.11338735058838,93.60114072378816
36.0,38.0,88.10521638722349,94.54790845439793
36.0,39.0,86.70174187971269,94.33765608421572
36.0,40.0,86.4558847076342,93.3308504050777
36.0,41.0,86.64537716047359,93.709229491381
36.0,42.0,85.98041760563832,93.19273439368136
36.0,43.0,85.73890752892194,92.70442265298404
36.0,44.0,85.45794899770729,91.47790946603286
36.0,45.0,87.5766730521229,91.26494457456576
36.0,46.0,84.8130930471203,92.63839803139984
36.0,47.0,86.55017886085835,92.66175352663024
36.0,48.0,88.31944716697869,92.87538450554015
36.0,49.0,87.92894835389598,93.39558000583898
36.0,50.0,88.07525650088726,92.7954402079086
36.0,51.0,88.09102571652741,94.1696824286602
36.0,52.0,86.5160336621008,94.20641463004075
36.0,53.0,84.57929158467594,94.2498205870744
36.0,54.0,84.68770909661897,94.74125364470817
36.0,55.0,84.68978887165595,93.74335652534094
36.0,56.0,85.85247498878101,93.86485516870556
36.0,57.0,85.28183051742165,92.48087430557264
36.0,58.0,84.97611996458271,92.4842378873774
36.0,59.0,85.44718431646129,91.92801909967238
36.0,60.0,85.39018448997828,92.62893143411311
36.0,61.0,84.71079898633447,92.23831767882533
36.0,62.0,85.55928948664898,92.09621117186036
36.0,63.0,84.08407071016933,92.58402940758126
36.0,64.0,84.98883783779203,93.10570799934813
36.0,65.0,84.7793810924169,92.55028726428098
36.0,66.0,87.06980136456852,91.50023273772274
36.0,67.0,87.87470478507767,91.03936087282284
36.0,68.0,88.15409391712767,91.15343446971508
36.0,69.0,88.14393911007035,91.41843208780384
36.0,70.0,88.49236691969847,91.04192482511765
36.0,71.0,86.47486704256542,92.5180772866357
36.0,72.0,86.53432051971792,91.42197595821696
36.0,73.0,85.81368878032436,93.95738109795998
36.0,74.0,85.6254288476569,94.15071914974924
36.0,75.0,86.33638099149022,95.40471534024309
36.0,76.0,87.29142216722708,95.34264020974656
36.0,77.0,89.49171500302563,95.63439692060864
36.0,78.0,88.9491328612849,95.25719393367136
36.0,79.0,89.54126564074434,96.0103223570754
36.0,80.0,89.64670577018677,95.37083039484487
36.0,81.0,89.83113388849854,96.9510886808526
36.0,82.0,90.0171247133604,96.7462062849942
36.0,83.0,89.01104821593565,97.60999043193895
36.0,84.0,89.19379563440113,97.07174088886016
36.0,85.0,89.93458307790974,97.94954083145772
36.0,86.0,90.08125153379564,97.3800714523117
36.0,87.0,90.7449995399178,96.02874370464995
36.0,88.0,90.93523270951506,95.05750271384996
36.0,89.0,89.47999068935805,95.9900989608996
36.0,90.0,89.34187965380382,97.40271093021062
36.0,91.0,89.93055214823352,97.1527241498242
36.0,92.0,89.37215562060906,97.49537131095924
36.0,93.0,89.58455118997189,96.50855144759288
36.0,94.0,89.9834018985826,96.60272825206988
36.0,95.0,89.52497967546262,96.23027096644536
36.0,96.0,89.42306976767317,96.80642111301088
36.0,97.0,88.33640430016813,94.94739311905512
36.0,98.0,87.7857292269856,95.40764338686644
36.0,99.0,88.11045382255679,94.1966980979672
36.0,100.0,87.45867333354347,94.00614436237184
36.0,101.0,86.9183402334652,94.62010490739917
36.0,102.0,85.80529586326871,95.4962328382628
36.0,103.0,86.31208129915265,94.87362262031372
36.0,104.0,86.36353162569337,94.80305738699
36.0,105.0,87.33665893206656,94.28744212965717
36.0,106.0,87.43192204583272,94.83524661422928
36.0,107.0,87.74199723267127,95.01552255024046
36.0,108.0,87.1825635737525,94.33195477357812
36.0,109.0,88.45596763886198,94.46189548599811
36.0,110.0,87.72253085751444,94.26011764905984
36.0,111.0,87.44921262296695,93.41094680768737
36.0,112.0,87.51534244985113,92.7772569686178
36.0,113.0,89.44744749641674,93.33781938535051
36.0,114.0,89.41136861743503,92.40091205789516
36.0,115.0,89.6339219796905,92.90477600925824
36.0,116.0,88.56251742265458,94.37086048988216
36.0,117.0,90.26747439433512,95.6346123121448
36.0,118.0,91.13143709641952,95.38081029128092
36.0,119.0,91.38675123951644,94.88403512261938
36.0,120.0,91.53201029348224,96.06092656969396
36.0,121.0,91.8518009899776,95.35320948076968
36.0,122.0,90.68330868501342,96.94469344734036
36.0,123.0,89.14095741462658,98.54360581675444
36.0,124.0,89.51495253845414,98.7918182983854
36.0,125.0,90.74341824956484,99.19330034331269
36.0,126.0,89.56506846790484,100.48481238931274
36.0,127.0,88.28896719621831,102.7266980576346
36.0,128.0,88.74440961645571,103.34187718948549
36.0,129.0,88.77015487496266,101.92479477564648
36.0,130.0,88.12611593138499,101.9873015953672
36.0,131.0,88.22755463959011,102.54313769238304
36.0,132.0,87.85723743402976,102.57748762793044
36.0,133.0,88.45723228186164,103.9497542056425
36.0,134.0,89.62728716418431,104.10234015565877
36.0,135.0,88.53485886829057,103.4441797208552
36.0,136.0,87.54422938868606,102.62046566588108
36.0,137.0,87.74185487465229,100.44220208104946
36.0,138.0,85.69764923629451,100.70213876021889
36.0,139.0,85.39329994550185,99.4675802061275
36.0,140.0,85.17525269586085,99.8952523066706
36.0,141.0,84.32926529528831,99.64004946217986
36.0,142.0,83.12000319000435,99.12459052989249
36.0,143.0,82.84192821060337,99.9732916991248
36.0,144.0,84.3375570890147,100.57771081070972
36.0,145.0,85.32432836380545,100.10100647708887
36.0,146.0,86.09668825585467,100.95749169433408
36.0,147.0,87.02392918700953,101.6395036525611
36.0,148.0,86.72597027682625,101.08775810934672
36.0,149.0,87.87402732646184,100.5768287303452
36.0,150.0,87.9367706273227,101.00442385750712
36.0,151.0,88.32504136225536,101.56385863320106
36.0,152.0,87.72587834843878,101.1340344811655
36.0,153.0,88.47762083316098,100.38412267790076
36.0,154.0,88.88822653432428,100.54245491372184
36.0,155.0,89.00944878167917,101.59748191421842
36.0,156.0,89.03781954816098,102.5615340239452
36.0,157.0,89.40189498529507,102.32076009721968
36.0,158.0,90.29309660778536,101.87334094430511
36.0,159.0,90.6940890622134,103.3574885757112
36.0,160.0,90.99904401707867,102.71003161019308
36.0,161.0,92.16229440973208,103.35191367661956
36.0,162.0,92.4588843216476,104.80066277203495
36.0,163.0,92.67909536103778,104.19004438991986
36.0,164.0,92.04376353930208,104.7845861805988
36.0,165.0,93.18833029768244,106.33269925208226
36.0,166.0,94.97582080007469,105.0018205510892
36.0,167.0,95.6722971866376,106.24449176073652
36.0,168.0,96.37445143487814,105.2710458324233
36.0,169.0,97.26954319902288,105.95513176942444
36.0,170.0,97.7696309643785,104.19768639479544
36.0,171.0,96.5193445858114,103.84422820625986
36.0,172.0,95.69461010722632,105.09056171529956
36.0,173.0,95.07747997107786,106.5712176965304
36.0,174.0,93.79482288493232,108.75550460726778
36.0,175.0,97.31210383493084,107.3520922561686
36.0,176.0,95.22112568404594,105.49854910083528
36.0,177.0,94.39789961716602,105.92274895570158
36.0,178.0,94.4556133425348,105.65951256155272
36.0,179.0,93.96418863086234,106.60922075390349
36.0,180.0,94.43420609726526,107.31567191064852
36.0,181.0,93.89221888085711,108.58589171857314
36.0,182.0,91.7128288388582,109.41215545821431
36.0,183.0,91.91625750719744,110.1206728055763
36.0,184.0,92.38114218048798,111.54330681878903
36.0,185.0,92.39846565391392,112.69721767082537
36.0,186.0,93.06374413091751,113.62042821389942
36.0,187.0,95.65944623293362,113.51557940899754
36.0,188.0,95.03892638241476,114.01954335352124
36.0,189.0,96.9949531633145,113.2631685729421
36.0,190.0,96.79315874304363,112.0345353126451
36.0,191.0,96.25915878649946,112.94806669359164
36.0,192.0,95.68107250252883,113.68827256909373
36.0,193.0,95.6040239158898,113.24465348274896
36.0,194.0,96.49209239153797,112.3883576123166
36.0,195.0,96.36816249601456,112.81278769734388
36.0,196.0,95.690054275631,113.58328634873716
36.0,197.0,96.17093842080769,113.57256085576218
36.0,198.0,96.68516366724164,114.17473209783232
36.0,199.0,96.1028765959746,113.72545912991345
37.0,0.0,166.71138184999265,154.98901375989928
37.0,1.0,167.7787868841508,156.27848563771107
37.0,2.0,167.39746010647465,156.8202640562818
37.0,3.0,169.54286050018183,158.14609749909292
37.0,4.0,170.09763350285323,157.78689324725676
37.0,5.0,170.51323985435775,158.09804574977125
37.0,6.0,170.18441213651235,157.84015017092452
37.0,7.0,169.1563590583868,158.35051662576726
37.0,8.0,169.8044260482361,157.63436620802622
37.0,9.0,168.38234199178902,157.43594062401527
37.0,10.0,168.89397677779817,158.077784297101
37.0,11.0,168.46061546396734,158.96337667768933
37.0,12.0,168.85136751956463,158.48765634004027
37.0,13.0,171.51426477267498,157.27812779873565
37.0,14.0,172.80919239066557,158.7326070476648
37.0,15.0,173.27744329995213,158.46246499496286
37.0,16.0,172.62049378125226,158.65161549492132
37.0,17.0,172.92968799276957,157.85300323191674
37.0,18.0,173.0065829714996,157.86548649521453
37.0,19.0,173.0829721458568,157.8513740211054
37.0,20.0,172.38050257039285,157.32810053490596
37.0,21.0,173.4969764977809,157.11823084107473
37.0,22.0,173.6012993120993,156.77717482165093
37.0,23.0,174.7404907255217,158.24189238219034
37.0,24.0,174.0487073119091,159.34058473398093
37.0,25.0,172.85412346628175,159.00834761600484
37.0,26.0,173.41846074315083,159.27138930868503
37.0,27.0,173.78572197808853,159.02399725711822
37.0,28.0,173.77644961140464,159.08214545449832
37.0,29.0,173.5864365075581,158.31219212279905
37.0,30.0,173.09750086894962,159.7752932351573
37.0,31.0,173.71478947110612,159.40104954246792
37.0,32.0,172.72339154991278,159.53536088494718
37.0,33.0,174.16367316570734,159.12605825712473
37.0,34.0,174.81089478262527,160.1390559166346
37.0,35.0,176.23331652329574,161.48439212652806
37.0,36.0,176.99131561381543,161.9299942962356
37.0,37.0,176.1876799369107,162.08432942392938
37.0,38.0,176.80094595929285,162.83722692689244
37.0,39.0,176.19457347634105,162.5908975753817
37.0,40.0,174.98832740743907,162.29762169191935
37.0,41.0,176.5308288578755,163.31563299782923
37.0,42.0,176.55410981693626,162.9179695082186
37.0,43.0,174.79631476951042,162.199442807822
37.0,44.0,173.8993888016933,161.25940441894642
37.0,45.0,174.31421115837162,161.59483483543156
37.0,46.0,173.92250612396086,161.01938252522245
37.0,47.0,173.92527694150422,160.7590709318568
37.0,48.0,173.75159255964016,160.4365915768039
37.0,49.0,173.5725770442794,158.76319683064511
37.0,50.0,173.98763643838862,159.94409893891577
37.0,51.0,173.24992356062023,158.89768325230995
37.0,52.0,173.240765069012,159.23575687977504
37.0,53.0,172.8965817714713,159.07347334193156
37.0,54.0,171.8632604729346,159.4374408138777
37.0,55.0,171.82190863461776,160.20766466789135
37.0,56.0,172.00246363948935,159.02270610283037
37.0,57.0,174.79828398247733,156.05303294148828
37.0,58.0,175.15944210966552,156.63565350471615
37.0,59.0,175.89645939021992,156.58700745948587
37.0,60.0,175.88175844723713,157.31939953486196
37.0,61.0,175.11218217797736,157.57058060058893
37.0,62.0,175.8415360189765,157.1114948219182
37.0,63.0,175.769385512136,158.41080838688967
37.0,64.0,175.35286392606218,159.1033739171708
37.0,65.0,174.58444016905287,158.74139888225957
37.0,66.0,173.3275139318696,159.03267949610682
37.0,67.0,173.71536198197924,159.7531381291998
37.0,68.0,173.30469680697425,160.3247686477938
37.0,69.0,172.99496929082082,160.2959600224479
37.0,70.0,174.22385566779627,160.4598716636579
37.0,71.0,173.83297380695558,159.96678120409825
37.0,72.0,172.0803743052642,159.38189360714895
37.0,73.0,172.75526923011446,159.9374942271751
37.0,74.0,172.6877535036666,159.22009858752634
37.0,75.0,172.8715926362761,159.2035038487245
37.0,76.0,172.4220366414399,158.92331562244368
37.0,77.0,172.25684413235246,159.72818086015928
37.0,78.0,171.51554358167726,158.8440907791331
37.0,79.0,170.69893825460707,158.48121634177903
37.0,80.0,170.8705891350106,159.22064789469303
37.0,81.0,169.6624018222177,159.87234137118296
37.0,82.0,170.77938585539633,160.60359816011206
37.0,83.0,170.11119957077864,160.59142261329592
37.0,84.0,169.79969741391758,161.50117057807336
37.0,85.0,168.87398237225793,160.74024133051898
37.0,86.0,170.014295033957,161.11847512475327
37.0,87.0,170.3152449667751,160.61623228635764
37.0,88.0,170.4945571460946,160.04094293979105
37.0,89.0,170.15994738217245,159.41044221480936
37.0,90.0,170.84668233362788,160.25357749682328
37.0,91.0,170.9741363540087,160.71397358926748
37.0,92.0,169.3289190359627,160.79270427661217
37.0,93.0,169.05095527478773,160.97558567086452
37.0,94.0,168.99647752554918,160.77428561652636
37.0,95.0,169.78008723276295,161.12429619494208
37.0,96.0,169.23333044369312,162.08116343497863
37.0,97.0,169.60869120187635,162.28135724021888
37.0,98.0,169.8644529709202,163.24382936082714
37.0,99.0,168.43472034814923,163.63323521986868
37.0,100.0,166.89375782055225,164.07934843024375
37.0,101.0,167.03130026759516,165.55613702938868
37.0,102.0,165.95749340268443,164.04239303114832
37.0,103.0,165.49359610447632,163.65933626508237
37.0,104.0,165.92466469521148,163.18489522494073
37.0,105.0,165.28735523450516,163.7919852254425
37.0,106.0,163.52438868264696,163.55050120814104
37.0,107.0,163.20120063778452,162.7746840821421
37.0,108.0,163.59241626569138,163.22483901714824
37.0,109.0,164.44747573869458,164.74806679777765
37.0,110.0,163.8742187914699,163.70858544410345
37.0,111.0,163.99540926254696,163.2124079488192
37.0,112.0,165.40350101459777,164.12208454293167
37.0,113.0,164.74544919851013,164.38042247655503
37.0,114.0,164.12579356629564,162.60340294807636
37.0,115.0,163.20767226107003,162.37927633732104
37.0,116.0,163.08982862837806,163.89244377611118
37.0,117.0,163.15191318163252,164.21954238819632
37.0,118.0,163.54097051766195,164.36325633818947
37.0,119.0,162.83077901972746,164.5357051366362
37.0,120.0,163.725554675256,163.68089168977403
37.0,121.0,164.14933086249445,164.61809793046177
37.0,122.0,164.81503402032843,164.56755426799904
37.0,123.0,163.62027967488115,164.53724143472633
37.0,124.0,164.2218709356875,165.48358684576033
37.0,125.0,164.49636402347403,165.11133387270965
37.0,126.0,164.3987705302214,166.94703733453082
37.0,127.0,164.88224101233,167.1722875001312
37.0,128.0,166.10479382485644,165.64475551192902
37.0,129.0,166.29912101633022,167.10289128141085
37.0,130.0,166.2764387446347,167.12551901397867
37.0,131.0,166.03388816633822,165.68495057145986
37.0,132.0,167.07921773522676,166.4378717714104
37.0,133.0,166.34705925405987,165.8994008645711
37.0,134.0,167.31102893893078,165.59976217328972
37.0,135.0,167.79790650939856,165.28767561240406
37.0,136.0,166.75119682959345,167.1976697856498
37.0,137.0,166.72093968756525,167.4972720776609
37.0,138.0,166.47677941042502,167.1411653464998
37.0,139.0,166.70820712957675,167.22250941488036
37.0,140.0,166.50158330847535,167.50977718459964
37.0,141.0,167.74612213053578,168.98903154792876
37.0,142.0,167.9656961148366,169.67268891542682
37.0,143.0,167.72856141632428,168.8941157569037
37.0,144.0,167.37637519762777,167.5741183976548
37.0,145.0,167.83386432052953,168.29821374617555
37.0,146.0,167.8338021170211,168.01458390379756
37.0,147.0,168.23054612172868,168.72653972084606
37.0,148.0,167.59220316466522,170.42663040118853
37.0,149.0,167.01871042002745,170.2421501234532
37.0,150.0,166.4916419602553,168.89012111999793
37.0,151.0,167.66497342110668,168.67230958244662
37.0,152.0,168.33525493962227,168.1793826058769
37.0,153.0,167.30410609783948,168.01704826583435
37.0,154.0,166.4997155846754,167.86527892966436
37.0,155.0,166.03928734724303,168.04474367084444
37.0,156.0,164.9283293007696,166.21809610367552
37.0,157.0,166.09768011860004,166.0724151769251
37.0,158.0,165.16218396633212,166.8372824796676
37.0,159.0,165.68415118964444,167.54209546122618
37.0,160.0,165.76299410564573,167.7873895510327
37.0,161.0,164.4344383407481,166.76231854452908
37.0,162.0,165.22596471607358,165.399580658478
37.0,163.0,166.46541042056816,164.98289581232922
37.0,164.0,165.55556794633176,163.62480957213828
37.0,165.0,165.7552711912498,161.7660449523059
37.0,166.0,166.37461536679115,162.02164563680608
37.0,167.0,165.95375835356117,162.4526725237453
37.0,168.0,165.94448940230254,162.88616510984042
37.0,169.0,166.5547734291029,162.35623703363785
37.0,170.0,165.41550640488492,162.0114183631658
37.0,171.0,165.6030044057333,161.52577682138886
37.0,172.0,167.07468433462083,160.8982381166259
37.0,173.0,166.90973798737292,160.26867265402723
37.0,174.0,167.98847975796852,161.17321334394595
37.0,175.0,167.91626273224253,161.61645677519363
37.0,176.0,167.7768529684028,161.2366428909931
37.0,177.0,167.97602840123068,160.87057879328736
37.0,178.0,167.85163208349422,161.45866441327627
37.0,179.0,167.7399259797017,161.6497193899701
37.0,180.0,168.7200682921216,162.3719762840741
37.0,181.0,168.81963514668405,162.15498523144106
37.0,182.0,168.37014829996386,161.77379563994705
37.0,183.0,168.0387228993795,161.49289709152947
37.0,184.0,168.1918957654352,162.19102305277744
37.0,185.0,166.16103538817052,162.61602712525072
37.0,186.0,166.63723906885733,163.2259088115522
37.0,187.0,166.9598094254381,162.98288439879337
37.0,188.0,167.3407544067835,163.33851657636453
37.0,189.0,167.2665491501595,164.20112057165437
37.0,190.0,168.81818134533927,164.94382452339795
37.0,191.0,167.7755857785618,164.51299452371777
37.0,192.0,167.5596638119671,162.41294266381288
37.0,193.0,167.57613335649623,162.31112301823487
37.0,194.0,168.07616702471302,162.9167740579772
37.0,195.0,168.13804207472592,164.40049752918517
37.0,196.0,168.35063792257543,163.84055019951367
37.0,197.0,169.37077713617506,163.92294316853366
37.0,198.0,169.8074711274227,165.23542553408674
37.0,199.0,170.50768924573816,165.88969948000462
38.0,0.0,167.0826987506171,150.80511654412587
38.0,1.0,167.33707078324815,150.46317437039733
38.0,2.0,166.14579035831207,150.80062433532112
38.0,3.0,169.88955261763306,151.8346340086691
38.0,4.0,168.42294628014332,150.05564646451043
38.0,5.0,168.48872581846044,149.9609694302796
38.0,6.0,169.37187564618154,148.7351784076727
38.0,7.0,168.71923997811703,150.88176351474118
38.0,8.0,169.3977067182685,151.95090499906388
38.0,9.0,169.41589648478282,151.70578748671588
38.0,10.0,169.55828965857316,151.6211217677961
38.0,11.0,169.40636999727698,150.88795197685653
38.0,12.0,167.0324390754725,150.8355748139269
38.0,13.0,168.616627590909,151.15639504927685
38.0,14.0,165.83203559651437,150.5953926107028
38.0,15.0,165.99658311447044,152.1352587190897
38.0,16.0,166.84514862577996,151.45542540120496
38.0,17.0,167.38353465983482,151.9768622068931
38.0,18.0,166.6284653700126,152.19417335994032
38.0,19.0,166.9346702254844,152.26768445654108
38.0,20.0,166.5369039247296,151.1619662300556
38.0,21.0,166.26609590024086,152.10783763934663
38.0,22.0,165.3847130210489,152.2854076937638
38.0,23.0,164.58040809830902,152.17797786961535
38.0,24.0,161.9473913150935,153.94233549165844
38.0,25.0,162.08627717290815,155.3684069630566
38.0,26.0,164.50465836681894,155.1489404380623
38.0,27.0,165.67290804205152,155.4226948828737
38.0,28.0,167.288050305914,153.76424123512624
38.0,29.0,166.24560172616498,156.46311848704502
38.0,30.0,165.68949816644005,156.54698409616023
38.0,31.0,164.70800088856416,158.5358913618199
38.0,32.0,164.09266619949068,157.2879373577493
38.0,33.0,164.52746798044373,156.04139833298927
38.0,34.0,162.4127914354671,154.9703256993587
38.0,35.0,161.7273942107473,156.36701868212634
38.0,36.0,165.32029190313688,157.1133199086734
38.0,37.0,167.4526840167926,158.78902835298658
38.0,38.0,168.0268070505775,161.7396410263715
38.0,39.0,167.845394065675,159.31249846041305
38.0,40.0,168.14828668707074,156.49594955597942
38.0,41.0,167.56688305809726,156.82409448727446
38.0,42.0,165.79977093728905,156.0570598156659
38.0,43.0,166.0827198574629,155.75709157465033
38.0,44.0,166.77975981567593,157.50487732847205
38.0,45.0,166.76506298568623,157.49013576480098
38.0,46.0,166.8316473922549,157.2918541961893
38.0,47.0,167.4630799712699,158.08873469794543
38.0,48.0,166.13503197039034,157.304940920213
38.0,49.0,167.03298738295626,157.46426661516085
38.0,50.0,166.45360754447964,157.516179947009
38.0,51.0,167.73477771899448,157.89157068223088
38.0,52.0,166.41693883705386,156.53165320387984
38.0,53.0,167.08276623605485,155.73094288542168
38.0,54.0,168.44323893314257,156.5331346888902
38.0,55.0,167.5468876999245,156.4874591317311
38.0,56.0,167.3227917796169,156.92281663111066
38.0,57.0,167.84106750270112,157.2746163716831
38.0,58.0,167.37449877241372,156.96261995597635
38.0,59.0,167.91580892424625,156.8719216846802
38.0,60.0,168.24086614291272,157.63059176844786
38.0,61.0,168.5513509546809,157.6239583735324
38.0,62.0,168.08850470098847,158.7981138468421
38.0,63.0,167.6577792942962,158.50431872453646
38.0,64.0,168.49306480052869,158.74864511477833
38.0,65.0,168.31182238799403,158.8006361045438
38.0,66.0,167.04312280283983,159.10019808393452
38.0,67.0,166.67388635778445,159.49530313768773
38.0,68.0,166.6490501212084,159.19197999853708
38.0,69.0,166.20360782582262,158.79490277727317
38.0,70.0,165.64069146413226,158.3020606925664
38.0,71.0,167.57389848575556,157.75128901925294
38.0,72.0,168.29677056098447,156.80660351254056
38.0,73.0,168.09254817473476,155.87530184658934
38.0,74.0,167.22060799249027,156.9135853875093
38.0,75.0,167.16873634541273,156.13077671845144
38.0,76.0,168.7972649755328,155.68998225422436
38.0,77.0,169.70982235702235,157.03029019531752
38.0,78.0,169.98754450496813,156.85135136711958
38.0,79.0,170.5156420413337,156.4649063801229
38.0,80.0,171.14145908836514,157.8703092462393
38.0,81.0,171.94378846994772,157.77228241802624
38.0,82.0,170.57901721208546,156.40349205813152
38.0,83.0,171.72856243427248,157.16392174100872
38.0,84.0,171.15696727364684,157.5641103561577
38.0,85.0,170.0528041512258,157.41653449586204
38.0,86.0,170.16649339130447,157.880222059813
38.0,87.0,171.27459292563125,159.64685780957106
38.0,88.0,170.73919319839058,157.9139599968188
38.0,89.0,170.0152495214791,158.6162500227007
38.0,90.0,169.70353613388232,159.87227213681706
38.0,91.0,170.17886423330012,160.45974338041867
38.0,92.0,170.6395674913321,160.82948224536324
38.0,93.0,170.0396423884959,161.31157929372336
38.0,94.0,170.2923853504617,159.7205521393214
38.0,95.0,170.83759046275418,160.80184814887895
38.0,96.0,170.7604120320305,160.50887650890803
38.0,97.0,171.29194725632397,161.02513972961535
38.0,98.0,172.56116704568026,162.51689244071207
38.0,99.0,172.5813914160439,161.8525635607265
38.0,100.0,172.47246844622936,162.2588762502938
38.0,101.0,172.30502974541,161.53382648701432
38.0,102.0,172.32054834498575,162.10531883280584
38.0,103.0,171.91556846782512,161.91264276564837
38.0,104.0,172.3757021181044,162.94974539923336
38.0,105.0,172.45702239717752,164.33331032201875
38.0,106.0,172.08398599953935,165.63013538177333
38.0,107.0,171.63233077470804,164.83080935000226
38.0,108.0,172.6710826864599,165.22820502528893
38.0,109.0,173.59117923453147,165.9466007709636
38.0,110.0,172.82496787172826,165.41066548704714
38.0,111.0,174.44873941360277,164.85671501414652
38.0,112.0,175.31527928171832,165.97285963723928
38.0,113.0,175.09667346425448,165.10534439513577
38.0,114.0,176.23225776298804,165.02954202286136
38.0,115.0,177.54607742277247,165.55440069098506
38.0,116.0,177.20254380454577,165.21566843527202
38.0,117.0,175.9971934917648,165.10104146316235
38.0,118.0,176.18129647449234,163.74608236081824
38.0,119.0,178.2318401907792,162.63740770766498
38.0,120.0,180.42615436322177,161.2198327167831
38.0,121.0,177.22728029097954,160.03856433301007
38.0,122.0,175.51988575314624,161.7193301972019
38.0,123.0,175.53556096070537,162.31833247477454
38.0,124.0,175.85497302768258,163.40186578724496
38.0,125.0,174.7962795574463,164.0746757060895
38.0,126.0,177.07846211361593,164.6823692150718
38.0,127.0,178.18213697485103,166.18270907931512
38.0,128.0,178.90432998926724,164.6698920890933
38.0,129.0,179.80729709895158,165.09606707400948
38.0,130.0,179.19587508013277,165.67157854675872
38.0,131.0,178.87279647004615,165.79454322706317
38.0,132.0,179.4596896839494,166.48959641651885
38.0,133.0,179.0263327121849,167.17645763775835
38.0,134.0,179.67133609100404,168.56147514584856
38.0,135.0,179.62111961199838,169.3775148697868
38.0,136.0,178.75228358533894,169.24229971401277
38.0,137.0,179.49139370943064,169.37384328518826
38.0,138.0,178.6727248464725,170.46153419303806
38.0,139.0,178.4264123927763,171.48885372094142
38.0,140.0,179.59794644679624,171.61439223285305
38.0,141.0,179.23336298426457,172.17538243415197
38.0,142.0,179.84095227045574,172.09023152619918
38.0,143.0,178.28061613423455,171.70099425716077
38.0,144.0,178.49824716396196,171.2478085852574
38.0,145.0,180.4762440921304,170.48466952703183
38.0,146.0,180.88107430606493,171.6352472206791
38.0,147.0,181.5842224105486,172.01113460572037
38.0,148.0,181.33201844479285,172.25261884713296
38.0,149.0,181.8702551789687,171.0515435407953
38.0,150.0,182.2075487455517,171.2978764905908
38.0,151.0,182.4080966854464,172.3917771943513
38.0,152.0,181.50683938360007,170.92812219909686
38.0,153.0,180.60603527777815,169.4087894295437
38.0,154.0,179.25549388105898,170.22623630963727
38.0,155.0,178.13551905469745,171.15115797901672
38.0,156.0,177.37762092382502,169.92666517951776
38.0,157.0,177.49071121775887,171.40950264930646
38.0,158.0,176.6944428456474,170.9272163119061
38.0,159.0,175.18016288415333,170.72338630413785
38.0,160.0,174.4241599228025,171.6273961529437
38.0,161.0,174.93021903543047,171.291170978867
38.0,162.0,174.55910976946228,172.9036212644632
38.0,163.0,175.34112533210012,172.2011141195718
38.0,164.0,175.95138236308577,171.76269055743492
38.0,165.0,174.0936366124956,171.59227803571997
38.0,166.0,173.2301198329638,171.2491065495043
38.0,167.0,174.76057968739056,171.17994413480085
38.0,168.0,174.79034389457567,170.00341356044132
38.0,169.0,175.63713845627564,170.17688581505698
38.0,170.0,174.86363959512988,171.44758477961184
38.0,171.0,174.47017963209768,171.150842368538
38.0,172.0,175.15105625751565,169.35557533886345
38.0,173.0,176.51659992255014,169.00653431406454
38.0,174.0,176.53338777036592,168.8099448214941
38.0,175.0,175.94172423648394,169.2665121596302
38.0,176.0,176.04751934968107,168.80166502898254
38.0,177.0,176.18903086467012,168.53066023148898
38.0,178.0,177.4921089257872,166.31937215090795
38.0,179.0,177.54824028380088,168.34438625385548
38.0,180.0,176.73765464533437,166.35299215130053
38.0,181.0,176.6389612707111,164.61679640232285
38.0,182.0,175.92508967931127,165.0172595441617
38.0,183.0,174.9889900195318,165.19417142591809
38.0,184.0,175.35071526966922,166.45016439968728
38.0,185.0,175.40475750589465,166.16073374088526
38.0,186.0,174.57801527982193,167.529598741149
38.0,187.0,175.21556498716404,168.79071588467286
38.0,188.0,172.98696228541124,168.0703496564476
38.0,189.0,173.33587897981585,169.78524517822348
38.0,190.0,173.99563127292677,170.69885706056348
38.0,191.0,174.80161661032562,169.2534099445765
38.0,192.0,174.65853650114144,169.66996109858763
38.0,193.0,174.37246043538755,169.4894872894186
38.0,194.0,176.15413519611295,167.98445332448148
38.0,195.0,176.0619254062386,168.20124449491453
38.0,196.0,174.64144527139064,169.01539925378924
38.0,197.0,176.98278574056826,169.7779209506707
38.0,198.0,176.0343900252281,171.80070845735443
38.0,199.0,177.71374183985557,172.268778847672
39.0,20.0,183.73864416521727,180.93278567303875
39.0,21.0,185.8322949816324,177.22392162660674
39.0,22.0,185.13215959508935,179.40824489003833
39.0,23.0,184.04581766541185,180.2525208250488
39.0,24.0,185.2453420650916,178.57180806626994
39.0,25.0,186.570230040043,178.86394829036067
39.0,26.0,187.2498119211943,175.88010817784976
39.0,27.0,186.8868358891558,174.76907450351118
39.0,28.0,187.91535846679508,173.95005426096364
39.0,29.0,188.75530296203695,173.9885347565245
39.0,30.0,190.39088670259463,174.86449112016217
39.0,31.0,188.10865459239827,175.4357049733825
39.0,32.0,188.2308003217444,174.73885920404024
39.0,33.0,185.80153463045775,174.24805329250057
39.0,34.0,188.0139536951818,174.3150991184094
39.0,35.0,190.22546832669107,173.94220015684917
39.0,36.0,189.73023025227707,173.4543335957907
39.0,37.0,189.7604927448145,171.2242234666204
39.0,38.0,189.37577714662032,171.13181170934962
39.0,39.0,189.5170194581874,170.93485663080597
40.0,41.0,190.25068558869884,172.3484858242452
40.0,42.0,190.07329175008584,172.6253968018093
40.0,43.0,190.84911578518316,172.56031114431966
40.0,44.0,190.40474915708265,172.6814919004051
40.0,45.0,189.52345615194295,174.10886586120102
40.0,46.0,189.9783456148752,174.72243274217874
40.0,47.0,189.78911192817367,173.4948034221771
40.0,48.0,189.6867028114235,172.26596279882685
40.0,49.0,189.4859818693756,171.70803659157593
40.0,50.0,188.81018942486725,172.5450798382855
40.0,51.0,187.98364024033896,172.13684975235057
40.0,52.0,188.08766871535585,172.46042483590085
40.0,53.0,188.11418569080385,171.12977855161938
40.0,54.0,188.9433411782171,169.98754671856662
40.0,55.0,188.69336309991388,170.36162937072328
40.0,56.0,188.15202093888388,171.1669112975702
40.0,57.0,188.9895004388254,171.237151819679
40.0,58.0,187.70591502046216,170.89854539545854
40.0,59.0,187.57838511430464,171.86238097515968
40.0,60.0,188.6904872579512,171.9495015655097
40.0,61.0,188.03577403702477,171.9431283557775
40.0,62.0,188.85458071613655,170.99765603012116
40.0,63.0,186.01946835192533,172.77790243687167
40.0,64.0,184.8775917534479,169.48381371773107
40.0,65.0,185.2577110456857,172.5376893057413
40.0,66.0,183.20587748757848,172.99292970347585
40.0,67.0,183.48341024248023,171.40510191892542
40.0,68.0,183.94716196895183,171.38045715327377
40.0,69.0,183.394190697978,172.33610750876267
40.0,70.0,183.67034265339632,171.74541759301232
40.0,71.0,184.65995916635103,171.88238306059853
40.0,72.0,183.90534673240705,172.62294491336988
40.0,73.0,182.93050242321075,171.9265914729826
40.0,74.0,183.1860119086012,172.83336994910002
40.0,75.0,183.84557081944445,171.7259189134195
40.0,76.0,184.01827086842587,171.4221933239084
40.0,77.0,182.8335663041152,171.40256068209032
40.0,78.0,183.1566401810272,172.13804997565296
40.0,79.0,182.2592337391483,172.28437051408864
40.0,80.0,182.86923418296217,173.96640725534678
40.0,81.0,182.6044601377193,173.9033905837512
40.0,82.0,180.96768300078375,174.0039062300382
40.0,83.0,180.9633320859059,174.64434651709053
40.0,84.0,180.4561291734936,173.98714234876425
40.0,85.0,180.3045540020589,173.09815644868635
40.0,86.0,181.2800794985268,173.4962827908044
40.0,87.0,178.75594760065204,170.82665346656873
40.0,88.0,179.07415307579083,169.10838691206362
40.0,89.0,177.1612446012238,170.4299473916778
40.0,90.0,175.0072454035005,171.94258727471575
40.0,91.0,175.8049554611696,170.61453342299262
40.0,92.0,176.04959887063598,170.47245103297095
40.0,93.0,177.0298304239261,171.58457451221693
40.0,94.0,178.07232685594104,171.9995373709113
40.0,95.0,178.09332171939687,173.1264207728002
40.0,96.0,177.89809736668417,172.35486253308986
40.0,97.0,177.43067825000898,173.14582289671424
40.0,98.0,177.81151505444697,173.2260146982854
40.0,99.0,177.28335967595703,172.15777055192046
40.0,100.0,177.46432414132158,172.211407174611
40.0,101.0,176.18617177018083,171.65904348509923
40.0,102.0,176.46735727309036,172.222838166902
40.0,103.0,174.81317087489174,172.98980246907345
40.0,104.0,175.52408360566145,173.92140520558243
40.0,105.0,174.0017506437166,174.10433254600824
40.0,106.0,174.12911054125303,175.33002519815395
40.0,107.0,173.80769755235548,174.93181891129382
40.0,108.0,174.8689849693951,174.59900209511227
40.0,109.0,173.5195127119938,173.70234842387987
40.0,110.0,173.82839329768092,174.0185845746266
40.0,111.0,173.96770823119596,173.02389485825054
40.0,112.0,173.0691185574794,172.15385228320108
40.0,113.0,172.7413668682057,170.71888311887184
40.0,114.0,172.42499916027808,170.45822320421294
40.0,115.0,170.3957874706452,171.27779886885963
40.0,116.0,170.26726535175868,171.09325570155957
40.0,117.0,168.90288952587284,170.74997155698088
40.0,118.0,168.1164589474469,167.20021777216718
40.0,119.0,166.63051803118742,167.7570968069132
40.0,120.0,165.4951374559019,169.46994286368343
40.0,121.0,166.90514959737817,169.25264004764625
40.0,122.0,166.03792084987856,171.39931637214391
40.0,123.0,167.48358969514675,170.58409983563982
40.0,124.0,168.31068843808356,171.9298782581109
40.0,125.0,169.29884281801975,173.66657087777523
40.0,126.0,168.74763796302338,172.04706638492758
40.0,127.0,167.36103910737344,173.73803223336722
40.0,128.0,167.46605288425727,173.64520750837792
40.0,129.0,166.58983545426855,173.66351110878355
40.0,130.0,166.75186204837794,173.41103484683512
40.0,131.0,168.2011141489018,172.43936919678683
40.0,132.0,168.3449416565556,172.78639950802
40.0,133.0,168.51440317271556,173.90324852982306
40.0,134.0,167.74958595271596,174.4873389326458
40.0,135.0,169.0153531136949,173.76539366886635
40.0,136.0,169.57305589632537,173.31684222947356
40.0,137.0,169.38121086835778,173.3923275813365
40.0,138.0,169.24556454968615,174.5782250106093
40.0,139.0,168.860364923643,175.88104875982825
40.0,140.0,166.7949297973196,177.41711310489836
40.0,141.0,166.55136177727428,177.0430016334759
40.0,142.0,167.78046877386802,176.52814237141223
40.0,143.0,168.5521765364269,175.76608893058116
40.0,144.0,168.68542552591092,174.73291654810873
40.0,145.0,168.74061228628895,176.2728458841945
40.0,146.0,167.95479525026497,175.16905950865606
40.0,147.0,166.75110875057538,175.01979898327698
40.0,148.0,165.42789076173497,174.08564895782132
40.0,149.0,165.65276954158452,173.67727090435207
40.0,150.0,165.35605219781422,174.98331547575376
40.0,151.0,164.79260496297744,174.49437884236184
40.0,152.0,164.8026128412632,174.60806241244651
40.0,153.0,164.2467413489901,175.22131949967454
40.0,154.0,162.78437462452075,175.00012376314675
40.0,155.0,163.00211653596162,175.49879291215765
40.0,156.0,164.67757479113013,175.27600075156164
40.0,157.0,165.63823677318172,174.24461511252963
40.0,158.0,164.31057954138674,173.37286198378294
40.0,159.0,165.0704363972529,172.2465685936612
40.0,160.0,164.87466635862754,173.26058050222272
40.0,161.0,163.75265269828606,172.5518864404866
40.0,162.0,162.5382667739577,171.76636049048014
40.0,163.0,161.17319073605674,173.24511382680424
40.0,164.0,162.2151957003705,174.30032223808283
40.0,165.0,161.01452664817788,172.58479222452368
40.0,166.0,162.228772130699,172.48634259919456
40.0,167.0,161.81294185597534,170.67373209391127
40.0,168.0,162.29571160858887,173.6416724755891
40.0,169.0,160.48165900269714,173.55955460296823
40.0,170.0,160.3069099101375,173.87358668021287
40.0,171.0,159.78269187129834,173.82675641367263
40.0,172.0,159.3180700446494,174.581192663783
40.0,173.0,160.36032000537944,174.8684614626803
40.0,174.0,160.8689534908218,174.75905496195708
40.0,175.0,162.73206928186215,176.42457484398074
40.0,176.0,162.08682345831755,176.15064629854118
40.0,177.0,164.36884586304296,174.1992901094406
40.0,178.0,166.9225852360062,175.70183314820167
40.0,179.0,166.88273812057167,174.8331952740718
40.0,180.0,166.91548547595954,174.93085640673806
40.0,181.0,167.21277899747912,175.4020417098776
40.0,182.0,168.78327181080692,176.12507047672574
40.0,183.0,169.74851523361465,176.32181404454872
40.0,184.0,170.4171160021993,176.08934363680385
40.0,185.0,170.2335226885848,176.15504325145025
40.0,186.0,169.926914761981,175.85743154592782
40.0,187.0,170.41293660657414,178.02902637428943
40.0,188.0,170.55772675720246,178.1527292057546
40.0,189.0,170.34142444298314,180.13972038764263
40.0,190.0,170.86395950624404,180.1604020896245
40.0,191.0,170.2610761257375,179.25120484101464
40.0,192.0,170.34558866156786,177.04383429209628
40.0,193.0,170.42260612460203,176.92534853391123
40.0,194.0,169.38948572248418,177.09581329093865
40.0,195.0,167.81834203087325,176.8382148779912
40.0,196.0,169.13474905753878,175.26838720613043
40.0,197.0,168.53981519117931,175.36925844824
40.0,198.0,169.2142866625744,175.95733185348388
40.0,199.0,170.0006239311669,174.01546265234947
41.0,4.0,63.66614079275188,93.04836402346942
41.0,5.0,64.15487801652473,92.3983091250363
41.0,6.0,63.48135427766206,92.81444871759273
41.0,7.0,65.3937372347815,90.832610831127
41.0,8.0,65.39956523813792,91.5409359157539
41.0,9.0,66.51765829926313,91.36381701451732
41.0,10.0,67.2480741398337,92.49538420836578
41.0,11.0,69.36039416582568,93.91614198440864
41.0,12.0,70.00084579950091,91.8139448333905
41.0,13.0,70.2996831558518,94.02807423981658
41.0,14.0,70.46659215852787,92.56919394342113
41.0,15.0,72.66947812962846,92.35105493208188
41.0,16.0,72.3729409701622,91.5747321847808
41.0,17.0,73.90263600250817,90.46142693825624
41.0,18.0,74.40339101047489,90.05860479648337
41.0,19.0,74.31022728569657,89.4019971359935
41.0,20.0,74.07369530222965,89.045216304895
41.0,21.0,73.76576526468602,89.97265158911765
41.0,22.0,73.40076119719127,90.69373207050936
41.0,23.0,73.36506765366191,89.81912996593991
41.0,24.0,73.66724278380872,90.06424513575985
41.0,25.0,74.88151326065396,90.39324289507668
41.0,26.0,75.7357644411907,89.3123193184846
41.0,27.0,74.2481355676898,90.93629432725506
41.0,28.0,72.8524642943356,91.28952086215232
41.0,29.0,73.24422111048987,91.8192338273115
41.0,30.0,72.8133909317557,93.17665668427904
41.0,31.0,72.0821903693222,93.09584440385292
41.0,32.0,71.27831839081819,93.12579628148109
41.0,33.0,70.26553674234742,94.12016409582262
41.0,34.0,70.88336466553123,93.788609039404
41.0,35.0,69.92126687808621,93.97557585545444
41.0,36.0,70.70962336800378,94.46057787283942
41.0,37.0,71.26526743289656,96.39589302442538
41.0,38.0,72.19091217621431,94.86078672629526
41.0,39.0,73.13800938240189,94.16511161397788
41.0,40.0,73.30050287611016,94.28923809969722
41.0,41.0,74.17205878887162,93.76292312172868
41.0,42.0,74.22771537850048,93.54435756840287
41.0,43.0,74.59283794612963,92.82471507051709
41.0,44.0,75.61624996081937,92.94609538548418
41.0,45.0,75.01386497455155,92.8063670037986
41.0,46.0,75.80405491190507,92.5870889854044
41.0,47.0,75.02541590737965,92.5337431079894
41.0,48.0,73.7201347559986,92.68025348628764
41.0,49.0,72.75270014284477,95.3868896878814
41.0,50.0,72.70159792301939,95.05976846549432
41.0,51.0,71.16547733155781,94.956613200955
41.0,52.0,71.91761476087056,94.94754522686104
41.0,53.0,71.46688741595288,94.97118334575794
41.0,54.0,71.9599187431651,95.52529750520776
41.0,55.0,72.37736375596943,95.61645772014688
41.0,56.0,70.9491611851971,94.34600456943028
41.0,57.0,71.0947873293704,96.09195393371245
41.0,58.0,71.6371748381446,96.61536991898072
41.0,59.0,70.65050199392161,96.38881219615504
41.0,60.0,71.56476816772935,96.70230338031789
41.0,61.0,71.7619308262427,97.23538316788591
41.0,62.0,72.79146891090231,97.3909890679827
41.0,63.0,72.38130399840702,97.8211196773827
41.0,64.0,72.66916088941116,99.41686477180288
41.0,65.0,73.25876766409436,98.58036865954888
41.0,66.0,74.21483403223162,99.334498176735
41.0,67.0,74.52015468488379,100.3233132598702
41.0,68.0,75.40618209152063,100.5461524750681
41.0,69.0,75.45310670362363,100.13124402525116
41.0,70.0,75.67260280344505,100.03915244496297
41.0,71.0,75.00120608303205,101.47759332585515
41.0,72.0,74.40392541368537,101.61735647917564
41.0,73.0,75.61935416753238,102.73780653807091
41.0,74.0,74.55695383712111,103.11087235825347
41.0,75.0,74.772052505919,104.06163968233813
41.0,76.0,74.97379047292512,106.125721869819
41.0,77.0,76.28576961827409,106.15675184491892
41.0,78.0,76.30161676180106,106.29063098096752
41.0,79.0,75.1136048482854,106.20518920230592
41.0,80.0,75.43702103674728,106.35103014179526
41.0,81.0,77.16762755944933,105.86989548775816
41.0,82.0,76.83763830523232,106.22405801091948
41.0,83.0,76.64378521969584,106.04029192003853
41.0,84.0,76.91326270210855,106.51702414304135
41.0,85.0,76.27274508335675,106.72399775774194
41.0,86.0,76.15991124878384,106.67176761440624
41.0,87.0,76.63695137169894,106.44139091738654
41.0,88.0,77.44859428904702,106.5899249326478
41.0,89.0,76.97594607456298,106.322121527732
41.0,90.0,77.01493585682144,106.68314836220397
41.0,91.0,77.67920949182546,105.87860064897052
41.0,92.0,77.76307306445685,105.84243557723586
41.0,93.0,76.5453646316565,105.93278913415509
41.0,94.0,77.00613145375813,107.5675584248005
41.0,95.0,75.35008777642499,107.4026614120535
41.0,96.0,73.31025304628841,107.73788987003368
41.0,97.0,71.86131492500428,107.07006295821694
41.0,98.0,72.02816222317027,107.22717388358215
41.0,99.0,71.55045914706362,108.96040305397294
41.0,100.0,73.042228147765,107.64883010344418
41.0,101.0,71.37150155580285,107.63354622427256
41.0,102.0,71.79086191924486,107.93396419076944
41.0,103.0,71.63023643571708,108.0351417619535
41.0,104.0,72.07110332263741,108.4811997312642
41.0,105.0,72.14371998934689,108.47355739447164
41.0,106.0,72.88701581093562,108.38006727866124
41.0,107.0,73.4672195658593,108.72630377545607
41.0,108.0,73.45621348530887,108.23697052826522
41.0,109.0,73.00862228750633,108.454736456476
41.0,110.0,73.12258170006048,108.73822813394128
41.0,111.0,74.14664905518785,108.45156137247268
41.0,112.0,73.77239501082789,108.84047142929498
41.0,113.0,73.38870612490204,108.73015349660822
41.0,114.0,72.94252160983802,108.18767810000064
41.0,115.0,73.18296632582754,108.20538652874164
41.0,116.0,73.30223716018095,108.20811781038282
41.0,117.0,74.048541855767,108.49929155748228
41.0,118.0,74.16459876259283,108.89295777438348
41.0,119.0,74.57276407893502,108.96622840892216
41.0,120.0,74.94521063812913,108.47027767575264
41.0,121.0,75.14080657205163,108.19003772185069
41.0,122.0,74.6947723853485,107.72848796782188
41.0,123.0,72.04567707051862,106.6949096596946
41.0,124.0,73.45454688017955,108.583680441168
41.0,125.0,70.83489124484707,109.94069374779792
41.0,126.0,70.63408120976673,107.49176867546778
41.0,127.0,69.61472361503814,107.9595319816247
41.0,128.0,70.80288112480793,107.985614553557
41.0,129.0,72.14209807957849,108.44322287362654
41.0,130.0,71.61674198573901,107.84299197483438
41.0,131.0,71.26144113928531,107.71916579933304
41.0,132.0,71.72155196509833,107.11815891717268
41.0,133.0,71.76335358080179,107.2137819888671
41.0,134.0,71.65055694661666,107.76031198921926
41.0,135.0,70.75231843783433,107.81754657181888
41.0,136.0,70.43939573031344,108.57466621797232
41.0,137.0,71.05025233122724,108.07615586300176
41.0,138.0,70.85836995750121,107.7721058760121
41.0,139.0,69.83317091338765,104.17542012404212
41.0,140.0,71.44850813859469,105.74982991062892
41.0,141.0,69.06651818864239,105.77452023757272
41.0,142.0,67.9233757512844,106.24804037496824
41.0,143.0,68.77863028973668,107.0397701783057
41.0,144.0,70.06040955090847,107.36838919746629
41.0,145.0,69.87742977201636,107.195703993623
41.0,146.0,69.20266190391749,106.92478595912198
41.0,147.0,68.97884420113759,106.31224054776892
41.0,148.0,69.18669907942497,105.3972461223632
41.0,149.0,68.98544371677892,104.67469680220428
41.0,150.0,69.17983933146361,103.9857983925232
41.0,151.0,68.2678260698128,103.70566030923142
41.0,152.0,67.0533957187263,102.8815351373051
41.0,153.0,67.7274437635141,101.21869825624884
41.0,154.0,67.6055770030605,101.23435300962689
41.0,155.0,68.51459510134002,100.96421429898363
41.0,156.0,67.304052727816,100.38387455722749
41.0,157.0,66.79321386625801,100.70960909200956
41.0,158.0,66.42657765244951,102.176591724614
41.0,159.0,66.59355654972573,103.17490034974487
41.0,160.0,67.67432106069226,102.61322798875324
41.0,161.0,67.53238240985738,102.98437657264664
41.0,162.0,67.6343447733163,102.79583594992454
41.0,163.0,67.7143899763594,103.13530259514282
41.0,164.0,68.12145691155673,102.9756856735851
41.0,165.0,68.76468413500703,102.46188667348784
41.0,166.0,68.3922926809582,101.75663814057376
41.0,167.0,68.43844966499876,102.0025415654138
41.0,168.0,71.99606661848688,104.68098218667286
41.0,169.0,72.09621482746174,105.77638210496202
41.0,170.0,70.54748971715557,106.87108013109676
41.0,171.0,68.95262755996288,104.83758375257528
41.0,172.0,69.25198212862284,109.19785838120274
41.0,173.0,67.44146896653807,106.29746347977763
41.0,174.0,68.8698841090737,107.5789778359948
41.0,175.0,68.89024888714002,109.29536093043522
41.0,176.0,69.57024966302093,109.24827455831968
41.0,177.0,69.12574260137838,108.73797805230927
41.0,178.0,70.75462755228591,109.96551703546488
41.0,179.0,70.06217030333313,106.97428329919032
41.0,180.0,69.32368204784753,106.86332125119075
41.0,181.0,68.2458474299859,106.79944210462806
41.0,182.0,68.15954661234177,107.44332012849168
41.0,183.0,67.97971029274832,108.08274841218528
41.0,184.0,65.99424303218316,107.14104647613097
41.0,185.0,66.55578199020371,108.12793197684655
41.0,186.0,67.17044987544176,107.1819297861728
41.0,187.0,67.92960826487896,107.7426888531
41.0,188.0,66.95848090517549,108.45339798492336
41.0,189.0,66.67302150894338,109.10048390265112
41.0,190.0,67.50401201980014,109.24155039193111
41.0,191.0,67.42861993552731,109.84358529663145
41.0,192.0,66.47337379985515,109.45017886295938
41.0,193.0,66.42515649045602,109.0846110373118
41.0,194.0,66.11023683932918,109.22933807000578
41.0,195.0,66.63129935832151,109.06707283245944
41.0,196.0,66.52838981346115,107.9686048625235
41.0,197.0,66.61680915553843,107.95763309425934
41.0,198.0,66.71429716966927,108.1174422678651
41.0,199.0,66.2097737238395,108.10876645283037
